scipy2012/geoprocessing_tutorial/spatial_test_data/tsunami_max_inundation_depth_BB_geographic.asc
ncols         858
nrows         644
xllcorner     150.12002735076
yllcorner     -35.786844973071
cellsize      0.00020515174505097
NODATA_value  -9999
[rows 480 to 519 of 644, columns 546 to 636 of 858]
18.05 22.21 24.76 24.76 25.01 24.8 22.26 21.67 21.87 20.27 18.65 19.71 20.6 20.61 21.81 21.88 23.17 23.17 23.82 23.43 22.67 23.2 24.99 21.51 17.92 16.93 17.5 19.5 18.82 18.84 22.09 22.09 21.38 21.64 21.68 22.51 22.7 21.99 21.57 20.17 18.64 18.34 18.36 18.36 19.59 19.59 20.49 19.74 18.1 19.22 19.7 19.21 19.27 18.67 18 16.78 16.67 16.14 16.14 15.28 17.35 16.73 18.13 18.41 17.36 18.97 17.67 19.55 17.77 14.69 19.38 24.59 22.04 25.49 25.51 26.41 27.15 26.27 26.51 25.93 25.58 26.79 26.56 27.45 27.53 26.1 26.1 26.6 26.16 25.71 25.23
22.1 20.5 21.71 21.99 21.99 22.77 21.98 20.72 22 21.79 20.12 19.01 20.06 19.26 22.2 23.12 23.61 23.61 23.18 23.37 22.75 22.16 23.87 21.04 19.55 19.8 18.46 19.69 18.66 19.02 21.08 21.08 21.08 20.6 20.64 21.5 20.56 18.46 19.12 17.66 16.62 15.81 15.74 17.85 19.01 19.01 19.08 18.53 17.85 17.72 18.82 18.82 18.51 17.84 16.97 16.35 15.86 16.31 16.75 16.75 17.95 19.1 20.19 19.32 17.15 19.52 16.08 16.01 16.06 16.05 22.09 23.2 23.6 23.6 26.49 26.62 24.77 25.16 24.01 22.81 24.61 26.54 26.45 25.58 26.2 26.27 26.63 26.63 26.43 25.97 25.51
21.95 22.55 23.1 23.44 23.44 22.78 22.43 20.61 22.29 21.78 19.97 20.33 20.34 20.15 22.41 24.67 22.69 22.56 22.56 23.45 22.83 21.98 21.67 20.67 19.58 19.63 19.74 19.84 18.85 19.24 20.55 20.59 20.59 19.58 19.32 20.75 22.05 19.05 18.36 17.04 16.01 14.46 11.38 13.37 18.4 19.25 19.25 18.86 18.44 18.76 18.73 19.33 17.83 16.22 17.12 15.66 16.65 18.41 18.2 18.2 19.22 20.59 20.1 21.24 21.08 20.15 16.29 14.41 17.5 18.8 20.57 21.1 21.24 21.24 25.03 25.65 22.66 18.79 18.9 22.59 24.29 26.28 27.21 26.99 26.81 26.88 26.85 26.85 26.69 26.32 25.95
22.31 22.21 22.69 21.87 21.87 21.17 20.86 19.87 20.23 19.9 17.61 20.15 21.43 20.97 23.03 26.25 23.98 23.44 23.44 23.34 22.87 22.62 21.97 21.47 19.86 19.63 19.69 19.42 19.48 19.73 20.13 19.3 19.3 19.17 19.51 20.26 21 18.57 18.75 19.41 18.06 16.09 13.42 15.11 16.84 17.22 17.22 16.43 16.56 17.21 19.24 18.95 15.05 14.99 17.34 14.87 17.6 19.55 18.77 19.79 19.79 19.19 18.41 19.02 19.34 17 15.2 14.15 18.56 23.92 24.06 24.28 23.38 24.74 24.74 24.81 20.07 18.77 21.06 26.52 26.2 28.16 28.04 27.14 26.39 26.64 26.88 26.88 27.07 26.82 26.49
22.31 22.16 21.74 21.08 21.21 21.21 20.49 18.88 17.7 17.39 18.17 19.89 22.2 23.53 23.48 23.92 23.76 22.74 23.83 23.83 23.72 22.49 22.02 19.84 18.84 19.18 19.09 20.13 20.24 20.39 19.33 17.82 17.74 17.74 18.16 18.38 17.5 15.34 18.83 19.57 19.41 17.31 15.26 15.36 17.07 17.41 17.41 16.83 16.65 17.53 16.35 16.62 17.71 14.77 17.42 15.95 17.91 18.38 18.53 19.6 19.6 18.05 18.43 18.62 17.17 18.63 16.6 15.66 18.06 24.32 28.83 28.55 26.45 25.42 25.42 24.22 20.1 21.05 23.69 26.1 26.84 27.04 26.81 26.32 26.53 26.79 27.04 27.28 27.28 27.61 27.6
22.68 22 21.59 21.44 21.77 21.77 20.17 18.57 18.76 18.85 19.26 21.42 23.57 22.82 23.41 23.78 23.68 23.21 24.73 24.73 24.58 23.59 20.64 18.31 17.16 17.84 16.82 18.38 20.77 20.45 19.46 17.75 16.67 16.67 16.71 18.36 17.61 16.46 19.16 19.55 19.85 17.99 15.63 14.59 16.02 15.43 15.02 15.02 16.1 16.66 14.74 15.84 15.96 14.59 17.51 16.31 16.01 19.09 19.04 19.26 17.44 17.44 17.95 18.12 17.96 21.03 21.28 17.97 18.93 23.08 27.95 30.45 29.95 25.66 22 22 24.63 26.02 26.84 26.65 26.67 26.86 26.57 26.54 26.77 26.98 27.19 27.46 27.46 27.85 28.18
22.49 22.12 21.72 21.22 22.33 21.32 21.32 19.39 19.57 20.42 19.65 21.7 24.09 24.02 22.89 21.91 23.04 23.57 24.47 26.13 26.13 24.88 23.95 20.87 19.08 18.71 16.01 18.14 20.35 19.13 18.59 17.83 18.74 18.74 19.1 18.96 19.24 18.9 19 19.5 18.71 18.9 16.74 17.75 18.55 18.39 17.51 17.51 16.54 17.53 14.19 15.44 16.61 14.89 17.35 15.43 16.29 18.58 18.71 19.38 19.6 19.6 19.93 20.54 20.05 20.93 22.11 22.29 23.29 27.24 28.72 29.53 29.56 26.06 22.71 22.71 26.53 27.81 28.46 27.44 26.44 26.53 26.55 26.84 27.12 27.34 27.47 27.55 27.93 27.93 28.37
22.66 22.37 22.16 22 20.99 19.19 19.19 18.23 19.55 19.81 19.88 21.43 23.16 23.71 22.73 21.76 22.67 23.99 23.93 25.43 25.43 24.83 24.77 23 20.49 18.63 16.61 19.28 18.75 18.46 18.26 16.17 17.59 19.86 19.86 19.49 20.46 21.42 21.13 19.2 18.02 18.56 18.81 18.74 18.32 18.79 17.42 14.95 14.95 13.14 12.39 14.58 17.45 15.88 17.4 14.04 15.62 16.65 17.34 19.8 20.33 21.18 21.18 21.01 20.49 24.86 26.28 27.66 27.36 27.94 29.5 28.55 29.42 25.48 25.07 25.07 26.52 28.88 28.88 27.64 27.52 27.01 26.69 27.04 27.39 27.59 27.59 27.69 27.93 27.93 28.37
23.5 22.62 22.68 19.67 18.36 17.58 17.24 17.24 17.49 18.79 19.71 20.1 21.11 22.45 23.88 23.53 24.18 23.91 23.37 24.71 24.73 24.73 24.48 24.59 24.86 22.49 17.13 18.48 18.4 17.69 17.73 16.57 18.4 20.06 20.06 20.59 19.86 18.78 20.34 19.08 18.17 18.95 19.76 19.91 19.44 19.07 19.02 17.05 17.05 15.41 12.48 16.1 17.49 15.76 18.42 15.95 15.04 17.53 18.53 20.84 21.92 22.72 22.72 22.01 23.1 25.45 25.5 26.31 26.96 27.23 26.58 27.65 29.65 27.96 27.74 29.12 28.87 29.4 29.16 28.23 27.57 26.99 26.77 27.09 27.36 27.62 27.71 27.82 28.03 28.37 28.37
21.88 22.38 22.81 20.9 20.99 17.72 16.82 16.82 16.09 16.86 17.18 17.33 19.92 21.87 23.04 25.03 23.8 24.67 24.04 24.37 24.89 24.89 23.8 24.18 24.44 22.17 18.21 16.79 17.74 17.43 17.62 18.36 19.34 19.86 19.56 19.56 18.44 18.13 17.03 17.26 17.72 18.82 18.92 19.73 18.6 17.39 18.53 18.27 17.29 17.29 15.45 15.77 16.07 14.62 16.14 15.98 16.81 19.56 19.51 19.28 19.56 20.82 20.82 19.57 17.47 17.86 21.45 25.41 25.31 25.8 26.99 27.5 27.61 26 24.74 25.24 25.24 26.17 27.1 27.3 27.49 27.13 27.03 27.02 27.29 27.55 27.81 27.95 28.16 28.35 28.35
20.1 20.11 21.07 21.9 22.39 20.59 16.83 15.23 15.23 14.93 16.85 17.26 19.49 19.96 20.95 23.65 23.73 23.86 24.36 25.08 25.03 25.03 22.6 24.39 25.72 22.17 19.03 18.1 18.3 18.44 18.61 18.92 19.09 19.56 19.32 19.32 19.92 19.63 19.41 16.17 17.06 18.83 20 19.89 18.33 17.87 18.02 17.84 17.33 17.33 15.94 16.2 15.81 14.25 15.95 17.8 17.92 17.66 18.35 18.59 19.1 19.38 18.71 18.71 16.83 16.83 19.36 24.98 24.03 25.35 26.98 27.59 25.67 23.34 21.96 22.97 25.85 25.85 26.85 27.51 27.66 27.79 27.86 27.76 27.74 27.87 28.22 27.97 28.13 28.32 28.56
21.73 19.55 19.56 19.94 20.42 19 17.51 17.18 17.18 16.26 15.12 14.65 18.17 19.05 22.73 23.47 24.9 24.72 25.54 26.23 26.88 22.94 22.94 23.8 26.1 22.99 20.42 19.31 18.91 18.69 18.57 19.08 19.38 19.87 19.85 20.7 20.7 20.04 19.24 16.64 16.96 18.55 18.52 19.54 18.07 17.08 18.05 18.51 18.8 18.55 18.55 17.78 18.8 16.39 18.64 19.4 19.08 18.7 17.31 19.27 20.06 20.64 18.65 18.65 17.64 22.36 25.09 24.9 24.03 26.02 27.61 28.36 26.48 23.43 20.65 22.39 27.25 27.25 27.81 27.57 27.72 27.91 28.1 28.18 28.26 28.35 28.48 28.4 28.28 28.28 28.54
18.2 17.13 15.95 15.29 14.97 15.64 16.15 17.22 17.22 16.5 17.26 17.92 18.47 17.43 21.29 24.4 23.38 19.2 25.13 25.57 24.78 24.22 24.22 24.66 24.72 22.53 21.83 20.47 19.15 19.68 18.63 18.91 19.3 19.61 19.2 20.52 20.52 20.33 19.13 16.93 17.47 18.37 18.93 19.89 17.21 16.67 18.23 17.47 18.89 19.36 19.36 18.5 19.51 20.41 20.61 18.73 17.98 16.77 15.38 17.84 20.08 20.71 17.94 19.63 19.63 22.45 22.27 21.5 23.6 27 26.75 28.23 28.48 28.31 27.29 26.86 28.3 28.23 28.23 27.51 27.59 27.78 27.98 28.16 28.22 28.32 28.42 28.48 28.36 28.28 28.54
18.02 15.4 14.49 14.48 13.69 14.67 15.49 15.18 14.97 14.97 15.77 18.9 19.13 17.74 21.33 20.95 20.82 21.95 23.93 24.55 24.16 24.8 25.91 25.91 24.9 22.79 21.53 20.62 23.02 20.77 18.71 17.91 17.64 17.74 17.54 18.53 18.9 18.9 18.82 18.42 18.35 17.85 17.67 18.3 16.66 16.2 16.55 16.33 16.3 17.25 17.25 18.08 19.25 18.63 18.01 17.62 18.78 17.13 15.79 20.28 18.04 18.22 21.02 23.57 21.67 25.01 26.12 24.61 25.22 27.96 26.72 27.3 28.59 28.82 28.33 28.95 29.89 29.57 29.57 28.18 27.51 27.66 27.85 28.01 28.06 28.12 28.23 28.32 28.42 28.33 28.54
19.7 16.13 14.33 15.32 14.77 15.49 16.37 15.81 16.31 16.31 17.22 19.54 19.74 19.36 20.34 19.7 20.36 22.55 22.45 22.19 22.39 23.78 23.97 23.97 24.21 20.63 18.9 18.87 19.67 18.61 18.46 16.79 15.24 15.31 17.75 19.01 18.95 18.95 19.15 16.85 15.34 14.92 15 15.86 17.94 18.03 17.26 16.77 17.28 16.31 16.26 16.26 17.65 16.41 18.13 17.38 18.39 17.26 16.78 19 16.64 20 22.76 23.9 26.7 26.7 26.8 27.61 25.15 27.77 27.99 27.88 28.05 29.82 29.84 27.14 30.13 30.85 29.37 29.37 28.4 28.04 27.73 27.87 27.91 27.96 28.03 28.13 28.22 28.32 28.54
18.45 15.41 14.67 16.12 14.78 15.76 17.38 16.95 17.3 17.81 17.81 19.45 19.44 18.44 18.91 19.07 18.13 18.08 18.24 18.64 19.63 21.56 23.49 23.34 23.34 19.12 16.16 17.05 18.03 17.01 16.25 15.31 16.79 17.67 18.63 22.02 21.19 21.19 21.38 19.61 15.82 18.17 15.77 17.84 19.2 19.83 20.57 20.8 20.84 18.97 18.28 18.28 16.81 17.06 18.29 17.28 18.33 18.3 17.98 19.81 17.22 19.25 22.34 23.59 24.79 24.79 24.01 25.18 21.64 24.09 27.41 28.5 30.12 28.52 27.93 28.34 29.39 30.14 30.55 30.55 29.29 28.94 28.48 27.89 27.95 28.01 28.1 27.99 28.1 28.34 28.71
21.45 20.45 18.22 15.81 14.1 15.43 16.39 16.29 17.65 17.48 17.48 17.59 17.24 17.4 18.09 17.79 17.58 18.78 19.54 20.02 20.79 23.04 24.6 24.81 24.81 19.11 15.87 16.4 17.14 17.93 17.7 16.97 18.62 19.62 20.78 23.82 26.17 24.6 24.6 21.91 20.19 20.83 18.12 17.48 17.36 17.79 21.19 22.67 22.92 22.73 20.67 16.06 16.06 14.8 16.88 17.59 17.89 18.47 19.09 20.59 17.97 19.48 22.1 21.95 21.4 20.16 20.16 21.01 20.24 20.39 24.81 28.5 30.16 28.84 27.6 27.75 27.89 28.42 29.11 29.11 30.25 29.6 28.77 28 28.06 28.18 28.34 28.11 28.06 28.43 28.8
22.01 21.37 18.23 15.72 14.06 13.3 13.62 14.2 15.13 15.42 15.73 15.73 15.23 14.97 16.72 15.98 16.64 17.78 18.22 19.78 20.74 21.15 21.95 21.66 18.65 18.65 16.86 17.96 18.44 18.53 18.47 18.34 19.66 20.65 22.65 24.95 25.8 24.4 24.4 23.59 23.5 21.89 19.97 21.69 20.53 21.2 24.04 23.24 23.79 25.72 22.85 18.04 18.04 16.71 19.26 20.41 20.92 19.94 19.85 20.78 17.89 20.2 22.84 22.6 22.27 22.02 22.02 22.47 21.8 23.06 26.75 28.93 28.66 28 27.39 27.48 27.56 27.69 28.28 28.87 28.87 28.77 28.33 28 28.12 28.38 28.53 28.37 28.27 28.52 28.89
20.8 18.79 16.99 15.94 14.2 13.38 15.36 15.79 16.15 16.29 16.79 16.79 17.14 16.53 14.68 14.56 16.09 17.17 16.85 18.93 19.15 18.4 19.99 19.74 18.33 18.33 16.95 16.46 17.47 18.24 18.09 17.78 18.77 21.02 23.86 25.36 25.69 26.83 25.14 25.14 24.49 23.84 23.5 22.89 20.82 20.39 21.73 23.96 24.48 24.22 20.66 19.93 17.56 17.56 20.7 22.11 20.72 19.26 17.91 18.16 16.85 19.27 22.42 21.72 20.96 20.55 20.55 22.09 22.28 24.49 26.51 27.71 27.54 27.43 27.46 27.97 28.04 27.78 27.8 28.01 28.01 28.05 27.81 27.58 27.49 27.86 28.29 28.79 28.82 28.97 29.14
19.23 17.43 16.34 16.22 13.96 12.72 12.93 14.41 16.41 16.79 17.39 17.97 17.97 17.75 16.79 14.95 16 15.38 14.95 18.37 17.48 19.09 18.71 20.2 18.63 18.63 16.34 17.16 17.62 17.93 18.32 17.62 18.87 21.58 24.67 25.62 26.08 25.7 24.77 24.77 24.17 24.57 25.77 24.26 23.16 22.91 23.97 26.32 25.05 21.87 20.82 21.4 19.79 19.79 23.29 24.49 24.1 19.92 19.31 18 16.05 19.96 21.32 20.14 20.5 21.15 21.72 21.72 23.15 25.17 26.47 27.37 27.46 27.35 27.73 28.33 28.26 27.87 27.78 27.93 27.78 27.78 27.47 27.16 26.91 27.3 27.8 28.34 28.89 28.8 28.69
17.89 17.28 16.21 15.94 15.33 14.66 15.3 15.53 16.58 16.78 17.21 18.09 18.09 17.93 16.76 16.25 16.34 15.73 14.59 15.5 15.79 16.91 17 16.69 17.36 17.02 17.02 17.3 17.02 17.81 18.61 17.52 18.22 18.96 22.29 24.22 26.44 26.2 25.53 24.1 24.1 25.78 26.54 26.26 25.24 24 26.07 25.9 24.61 21.27 18.41 19.59 21.49 24.2 24.2 26.52 26.06 22.18 19.22 18.54 17.94 18.51 19.2 19.81 22.04 21.05 22.23 22.23 27.04 26.93 26.77 27.01 27.25 27.39 27.78 28.02 28.1 27.95 27.76 27.73 27.59 27.59 27.33 27.02 26.71 27.06 27.64 28.19 28.72 28.43 28.19
16.94 16.61 16.42 16.09 15.42 14.87 14.91 15.65 16.9 17.56 17.23 17.95 17.95 18.19 17.6 17.36 16.55 17.07 17.66 17.8 16.47 16.98 17.52 17.51 18.17 18.5 18.5 18.89 18.29 15.77 18.78 16.69 20.79 20.29 21.89 24.86 26.54 26.06 24.81 24.14 24.14 24.77 24.43 23.87 25.44 25.04 26.18 25.53 24.84 21.77 20.61 22.83 23.15 24.81 24.81 25.83 24.19 21.44 19.83 21.63 21.96 23.16 21.45 21.55 21.88 18.82 20.69 25.72 24.25 26.25 26.73 26.72 26.95 27.11 27.24 27.48 27.54 27.58 27.63 27.5 27.38 27.2 27.2 26.89 26.58 26.81 27.41 28.01 28.45 28.15 27.86
16.1 15.48 15.22 16.35 15.88 15.51 15.18 15.52 17.07 18.35 17.84 17.91 18.48 18.48 18.39 17.93 17.49 17.22 16.62 17.01 16.5 16.29 16.61 17.43 17.66 17.66 18.76 18.76 18.06 13.22 10.32 10.71 10.91 11.5 14.24 23.1 25.06 24.55 24.04 24.12 24.75 24.75 27.5 26.66 25.67 25.71 24.41 25.8 25.25 24.17 24.5 25.85 24.74 23.02 23.02 23.35 22.13 21.86 22.31 25.82 27.57 26.38 24.33 22.99 22.38 19.26 23.71 26.7 26.7 26.88 26.76 26.67 26.57 26.83 26.87 26.93 27.06 27.21 27.35 27.26 27.13 26.95 26.95 26.7 26.44 26.56 27.08 27.56 28.03 27.75 27.45
17.53 18.45 17.02 16.79 17.76 17.7 16.09 16.52 18.46 19.41 19.09 18.9 19.38 19.38 18.55 17.27 17.3 17.14 17.51 17.35 16.29 16.63 17.14 17.32 18.36 20.28 21.03 21.03 18.33 13.15 9.697 7.469 8.598 9.037 12.12 16.25 17.91 22.5 23.77 25.18 25.6 25.6 27.49 26.56 26.77 26.54 24.95 26.78 25.4 25.14 24.91 24.29 25.07 23.19 23.14 23.14 22.16 21.13 22.04 26.57 28.82 28.35 25.51 23.48 22.58 20 23.57 26.85 26.68 26.68 26.51 26.5 26.57 27.14 27.83 27.81 27.59 27.45 27.11 27.01 26.85 26.68 26.68 26.43 26.27 26.46 26.72 27 27.47 27.34 27
19.67 19.77 20.28 17.03 17.33 19.46 19.38 17.1 19.87 21.2 21.7 20.58 20.34 19.13 19.13 17.58 17.13 17.82 17.37 18.26 17.61 16.3 16.88 17.62 19.71 21.92 20.63 20.84 20.84 18.98 12.53 9.351 10.56 12.27 13.7 16.38 21.6 24.68 25.46 25.44 24.73 24.73 25.11 24.78 26.22 28.31 26.99 27.63 27.41 26.49 26.01 26.12 26.1 25.15 25.28 25.28 23.97 22.08 22.21 23.99 26.97 25.41 22.55 20.35 21.74 20.51 23.19 27.47 27.3 27.3 26.2 26.62 26.69 27.21 28.28 28.09 27.85 27.4 26.81 26.43 26.28 26.25 26.45 26.45 26.5 26.69 26.88 27.16 27.09 26.81 26.54
21.12 18.11 18.6 17.89 16.65 19.24 19.61 19.39 20.14 20.91 21.55 22.9 22.81 20.85 20.85 19.03 19.38 19.68 19.07 20.26 20.5 17.22 16.55 18.25 21.01 23.51 21.26 20.45 20.45 20.35 16.78 16.16 18.56 19.96 20.72 23.53 25.91 25.56 24.32 25.18 25.86 28.25 28.25 26.93 26.57 28.96 27.89 26.89 25.54 25.75 27.65 27.49 26.97 26.24 25.56 24.1 24.1 21.98 24.65 26.7 24.47 22.82 19.56 19.1 18.89 18.86 22.19 27.27 26.9 25.92 25.92 26.36 26.8 27.27 27.6 27.63 27.36 27.01 26.51 26.14 26.08 26.16 26.36 26.36 26.57 26.76 26.64 26.14 25.8 26.17 26.03
17.93 17.93 17.29 18.06 16.27 17.97 19.11 18.91 20.16 19.24 20.77 22.64 23.17 22.58 23.24 23.24 25.23 23.7 23.08 23.21 23.36 18.06 18.56 20.66 23.93 25.32 24.92 20.52 18.67 18.67 20.49 23.5 24.56 27.53 26.78 26.35 27.8 25.69 22.29 23.35 25.54 27.15 27.15 26.66 27.51 27.98 27.82 27.24 24.35 25.55 28.08 28.64 27.54 26.49 26.15 27.45 24.91 24.77 26.51 24.98 22.79 22.69 22.93 22.97 22.62 22.13 23.05 25.63 26.33 25.63 25.63 26.08 26.51 26.76 26.93 27.11 26.85 26.5 26.15 25.91 26 26.08 26.26 26.48 26.48 26.57 26.08 25.58 25.16 25.6 25.86
16.44 16.44 16.27 17.69 16.66 17.56 19 19.35 20.59 18.51 20.31 22.55 22.64 22.33 23.71 23.71 22.71 21.9 24.96 23.3 22.11 21.51 21.2 23.78 24.15 24.52 23.86 21.09 19.26 19.26 21.74 25.58 27.42 27.29 26.5 26.45 26.44 25.6 22.23 20.81 24.56 26.94 26.33 26.33 27.68 27.31 27.34 26.2 26.5 27.26 28 28.94 28.79 27.61 25.68 27.01 26.38 26.38 25.75 25.28 25.06 24.41 23.39 22.31 20.82 21.58 23.47 24.19 24.88 25.32 25.32 25.61 25.89 26.12 26.31 26.68 26.7 26.33 25.95 25.7 25.8 25.9 25.8 25.91 25.91 25.82 25.35 24.99 24.93 24.63 24.66
14.66 15.7 15.7 16.84 18.35 18.64 19.16 19.66 20.43 20.05 20.85 21.11 21.76 21.79 22.63 23.72 23.72 24.58 25.86 24.81 25.38 24.64 23.7 23.61 24.9 24.84 24.79 24.69 26.14 22.57 21.67 24.22 25.49 25.98 26.01 25.69 26.66 26.78 25.08 23.48 25.95 26.51 28.06 28.06 26.62 26.72 27.39 27.55 27.92 27.83 28.01 27.16 28.56 28.33 27.68 26.9 26.78 26.78 27.25 27.4 26.67 25.93 20.96 21.36 22.9 22.67 23.7 24.26 24.86 24.95 25.05 25.05 25.28 25.55 25.92 26.29 26.6 26.22 25.86 25.49 25.53 25.55 25.4 25.28 25.08 25.08 24.98 24.96 24.94 24.63 24.34
17.94 18.6 18.6 19.38 20.35 22.09 23.35 23.06 22.57 22.41 23.02 21.98 22.3 22.86 21.47 21.97 21.97 24.37 25.57 26.22 25.01 24.83 24.62 25.05 25.98 25.22 25.63 26.44 26.8 26.22 26.22 26.4 27.33 28.36 27.04 26.1 26.5 26.8 26.95 26.52 27.11 26.52 26.87 26.92 26.92 28.64 28.31 27.84 28.32 26.97 27.06 28.18 29.33 27 28.26 28.12 28.17 28.17 29.58 28.58 27.27 24.29 20.67 20.13 22.88 24.48 24.72 24.71 24.52 24.38 24.46 24.46 24.87 25.69 26 26.32 26.39 26.1 25.76 25.4 25.27 25.18 25.02 24.98 24.81 24.81 24.88 24.93 24.91 24.68 24.46
20.84 20.4 21.78 21.78 22.42 25.21 25.46 24.59 24.47 23.81 23.83 23.56 24.79 24.6 23.97 21.79 21.79 24.15 25.29 25.87 25.37 24.53 24.03 25.39 25.49 24.58 25.5 25.96 26.59 26.8 26.8 26.72 27.07 27.46 27.69 28.15 28.08 27.4 29.2 26.84 26.96 26.93 27.78 27.97 27.97 27.1 26.11 27.04 28.51 28.82 27.47 28.03 28.68 27.15 26.32 26.57 28.11 28.7 28.7 27.73 26.43 24.04 22.67 22.48 23.34 24.26 24.91 24.88 24.81 24.56 24.3 24.39 24.39 24.96 25.48 25.34 25 25.56 25.34 25.14 25 24.97 24.95 24.88 24.48 24.43 24.43 24.5 24.71 24.73 24.58
22.26 22.44 22.29 22.29 24.24 23.9 24.94 23.88 24.1 23.86 23.33 24.42 24.62 23.75 24 23.45 24.02 24.02 25.06 25.51 26.44 25.3 22.94 24.43 26.05 25.45 24.66 24.69 25.96 26.4 25.65 25.65 25.01 25.83 25.93 26.34 28.38 27.35 26.86 26.22 25.64 25.35 25.17 26.82 26.63 26.63 26.75 28.44 27.99 27.6 28.47 28.13 28.82 28.04 28.09 29.74 28.58 27.29 27.29 26.18 25.29 22.91 21.37 21.8 23.11 24.16 24.61 24.77 24.97 24.79 24.42 24.01 24.01 23.54 23.94 23.85 24.02 24.67 25.13 25.39 25.36 25.1 24.85 24.7 24.3 23.98 23.98 24.19 24.51 24.59 24.52
20.81 21.66 22.45 23.09 23.09 23.98 23.63 23.8 24.44 24.81 24.6 23.14 22.77 23.03 24.29 23.53 24.1 24.1 25.69 25.48 25.77 25.85 23.75 23.63 26.83 25.34 23.42 23.71 25.19 26.45 26.56 26.56 24.44 27.2 26.92 27.44 26.01 25.71 28.12 26.4 25.11 27.44 26.74 25.85 26.27 26.27 27.05 26.03 25.58 26.5 28.31 29.46 30.01 29.64 28.81 27.69 27.2 26.43 24.95 24.95 24.21 22.11 21.44 22.04 23.05 23.75 23.8 23.89 24.08 24.46 24.4 23.99 23.51 23.51 23.04 23.34 23.98 24.62 25.05 25.35 25.55 25.09 24.66 24.47 24.11 23.89 23.89 24.01 24.3 24.44 24.37
22.12 22.03 22.78 23.88 23.88 24.41 24.12 24.02 24.61 25.53 25.93 23.32 24.92 24.37 23.15 24.34 24.79 23.82 23.82 24.39 25.3 24.1 25.27 24.94 26.14 25.89 23.67 24.1 25.41 26.9 26.67 24.99 24.99 25.17 26.59 27.64 26.42 25.23 25.68 25.65 24.38 27.39 28.8 27.21 28.61 28.61 27.6 26.43 27.7 27.18 28.29 29.69 30.36 27.7 26.43 26.24 24.63 24.7 23.55 23.55 22.09 21.34 22.31 23.05 23.84 23.82 23.32 23.05 23.25 23.64 24.03 23.98 23.59 23.59 23.25 23.53 24.16 24.72 24.81 25.11 25.06 24.77 24.43 24.24 24.05 23.94 24.07 24.07 24.2 24.24 24.24
22.08 22.89 23.14 23.09 23.09 23.97 24.45 24.51 23.76 24.05 24.19 23.97 24.89 24.43 24.13 25.54 23.95 23.57 23.57 23.76 23.93 23.73 26.06 26.58 25.98 26.04 24.24 25.1 26.25 26.11 25.67 25.03 25.03 25.12 25.91 25.47 25.28 25.5 26.32 27.02 25.74 27.06 28.92 27.23 28.31 27.97 27.97 27.87 27.72 27.14 26.04 29.17 29.56 27.89 25.16 22.74 23.01 23.6 22.61 22.23 21.55 21.6 22.46 23.4 24.33 24.14 23.51 22.88 22.86 23.34 23.81 23.97 23.75 23.6 23.6 23.74 24.35 24.56 24.57 24.59 24.5 24.41 24.23 24.15 24.07 24.09 24.19 24.19 24.32 24.33 24.15
18.1 18.8 21.17 22.57 24.59 24.59 24.83 25.22 25.07 24.6 24.31 24.8 24.73 24.07 24.12 25.6 25.07 23.17 23.95 23.95 23.69 23.7 23.93 24.56 25.56 25.96 26.64 25.8 26.71 25.19 25.61 26.09 27.11 27.11 26.65 26.22 24.39 26 26.11 28.36 26.57 25.33 27.84 27.47 27.55 27 27 26.8 26.97 26.57 26.08 27.19 26.6 24.88 24.52 25.47 26.2 25.94 25.51 23.46 23.46 22.98 22.37 21.76 21.3 21.92 23.12 22.83 22.98 23.25 23.51 23.67 23.83 23.95 23.95 24.09 24.47 24.38 24.41 24.47 24.46 24.45 24.44 24.36 24.3 24.39 24.37 24.45 24.45 24.42 24.23
17.87 15.7 19.2 22.42 24.66 24.66 24.82 24.2 24.73 24.67 24.65 24.27 23.54 24 24.54 25.61 25.78 24.47 25.37 25.37 24.42 24.11 24.17 24.52 24.66 26.27 26.7 26.34 26.44 27.52 28.17 26.07 26.83 27.43 27.13 26.99 25.48 28.35 26.53 28.48 26.16 25.82 26.04 26.81 28.33 27.7 27.3 27.3 27.76 27.92 27.93 26.45 26.57 25.05 25.12 25.64 26.77 27.3 26.47 25.09 23.83 23.83 22.88 21.98 21.39 21.68 22.28 22.72 22.97 23.36 23.87 23.91 24.17 24.38 24.38 24.5 24.2 24.04 24.27 24.62 24.6 24.59 24.58 24.57 24.57 24.67 24.67 24.65 24.65 24.45 24.2
18.03 15.73 18.83 21.85 22.75 22.82 22.82 22.76 23.63 24.72 24.1 23.14 23.54 25.29 24.41 25.52 25.69 25.42 25.59 24.66 24.66 25.08 25.84 26.17 25.26 25.5 25.35 26.16 26.44 26.97 27.2 26.77 27.46 27.46 27.59 27.32 26.16 26.59 27.35 27.94 26.66 25.65 25.64 25.81 26.33 26.38 26.71 26.71 26.8 26.38 26.44 27.16 27.36 26.89 27.8 26.07 26.48 27.64 25.63 24.13 23.55 23.55 22.97 22.08 21.65 21.44 22.01 22.44 22.94 23.29 23.7 24.11 24.44 24.85 24.54 24.54 23.97 23.69 24.14 24.7 24.73 24.71 24.69 24.67 24.54 24.92 24.93 24.57 24.22 24.22 23.96
22.4 22.42 21.54 21.43 22.2 22.21 22.21 22.98 24.52 25.38 23.96 23.83 24.48 26.9 26 25.27 25.97 25.68 25.66 25.16 25.16 24.77 26.99 25.57 24.33 24.47 24.49 26.21 26 25.48 26.12 27.45 27.19 26.66 26.66 27.56 26.97 27.52 28.66 27.51 26.38 25.4 26.47 26.02 26.77 26.6 26.75 27.64 27.64 28.57 28.52 29.31 28.66 29.25 28.39 27.69 27.81 27.46 25.42 23.96 23.37 23.37 22.78 22.26 21.9 21.54 21.76 22.37 22.99 23.34 23.46 23.81 24.2 24.69 24.69 24.69 24.3 24.1 24.34 24.76 24.8 24.79 24.77 24.66 24.46 24.5 24.61 24.38 24.03 24.03 23.73
23.58 23.04 22.07 21.06 20.87 21.52 21.88 21.88 24.27 25.08 23.19 24.03 25.32 23.82 23.86 24.81 26.12 25.72 25.1 25.79 25.79 26.01 26.15 25.84 24.99 25.18 25.11 24.64 25.09 24.75 24.88 26.53 26.94 26.72 26.72 28.47 27.34 27.08 28.84 28.43 28.54 26.38 27.73 28.7 28.16 27.32 26.96 26.11 27.01 28.21 28.63 28.48 29.58 28.51 26.39 26.74 27.77 27.53 25.57 23.88 23.3 22.94 22.94 22.57 22.21 22 22.15 22.47 23.04 23.58 23.7 23.76 24.08 24.58 24.86 24.85 24.85 24.82 24.61 24.78 24.73 24.66 24.88 25.27 25 24.61 24.18 23.96 23.72 23.54 23.54
