scipy2012/geoprocessing_tutorial/spatial_test_data/tsunami_max_inundation_depth_BB_geographic.asc
ncols         858
nrows         644
xllcorner     150.12002735076
yllcorner     -35.786844973071
cellsize      0.00020515174505097
NODATA_value  -9999
[rows 400 to 439 of 644, columns 455 to 545 of 858]
8.58 7.453 7.369 7.369 7.163 6.869 7.723 8.874 9.265 10.34 10.97 11.11 11.39 11.61 11.91 12 12.94 12.94 13.46 12.9 12.94 13.02 13.04 13.09 13.27 13.17 13.21 14.08 13.73 13.62 13.77 13.77 13.94 15.23 15.05 14.15 15.48 15.39 14.84 14.69 14.81 14.72 15.08 14.96 14.94 14.94 15.78 14.7 15.45 15.26 15.42 15.14 15.21 16.53 15.52 15.94 16 16.47 16.12 16.12 16.08 15.89 16.34 16.48 16.54 16.1 16.72 16.8 17.09 17.22 16.54 16.89 16.89 17.37 17.36 16.87 17.52 17.33 17.16 18.19 17.78 17.2 17.26 16.55 16.46 17.13 17.13 18.16 17.13 16.66 16.96
8.365 7.124 6.315 6.315 6.047 6.753 7.43 8.663 9.641 10.15 11.43 11.35 11.4 11.67 11.89 11.96 12.41 12.41 13.08 12.97 13.13 13.26 13.35 13.31 12.93 12.98 13.19 13.83 13.64 14.08 14.22 14.22 14 15.06 14.9 14.7 14.52 14.93 14.4 14.43 14.91 15.49 15.34 14.86 15.02 15.02 15.15 14.57 14.33 14.95 15.92 15.77 15.27 15.96 15.59 15.24 15.28 15.76 16.41 16.41 16.78 16.61 17 16.86 16.25 15.78 16.06 16.45 17.54 17.63 16.89 17.54 17.69 17.69 17.28 17.66 17.12 17.49 17.44 17.53 17.78 17.77 17.39 17.9 17.94 16.74 17.52 17.52 17.65 17.14 17.53
7.407 6.488 5.948 6.437 6.437 7.548 8.21 8.923 9.935 10.74 11.07 11.14 11.72 12.67 12.09 12.38 12.64 12.9 12.9 13.06 13.36 13.61 13.92 13.74 13.31 13.43 13.53 13.66 13.74 13.85 14.25 14.59 14.59 13.72 14.97 14.91 14.27 14.31 14.32 15.09 15.37 16.3 15.77 15.55 15.44 14.5 14.5 15.09 14.73 15.53 16.15 15.95 15.78 15.84 15.73 15.62 15.54 15.8 16.33 16.33 16.87 16.4 16.33 16.54 16.61 16.55 16.86 16.54 16.77 16.84 17.12 17.41 16.19 16.19 17.04 17.13 16.88 17.05 17.32 17.29 16.93 16.93 16.89 17.73 17.81 16.56 17.36 17.36 17.41 17.89 17.17
5.942 6.301 6.071 5.819 5.819 7.072 8.551 8.848 9.819 10.34 10.41 10.93 11.64 11.95 12.29 12.47 12.31 12.71 12.71 12.96 13.29 13.43 13.37 13.39 13.57 13.56 13.72 14.37 14.81 14.77 14.1 14.07 14.07 13.9 14.53 14.66 14.48 14.69 14.52 14.96 16.18 14.77 15.37 16.22 15.15 14.57 14.57 15.48 15.74 15.78 16.23 15.5 15.49 15.39 15.24 15.92 15.72 15.92 15.87 15.89 15.89 16.24 16.4 17.02 17.15 17.12 17.19 17.47 16.97 16.62 16.69 17.1 17.49 17.87 17.87 17.31 17.61 18.01 17.32 18.08 17.13 17.07 17.54 16.92 17.45 16.28 17.17 17.69 17.69 18.76 18.36
4.484 4.596 4.267 4.707 6.163 6.163 8.684 9.592 9.806 11.14 11.29 11 11.38 11.8 12.2 12.65 12.58 12.71 13.12 13.12 13.52 13.41 13.77 13.85 13.79 13.68 13.67 14.47 14.68 13.9 13.97 13.94 13.8 13.8 14.15 15 15.28 14.47 14 14.29 14.82 14.61 14.72 14.94 15.27 15.36 15.36 15.4 16.08 16.45 15.9 14.9 15.54 15.19 15.25 17 16.51 16.01 15.95 16.39 16.39 16.46 16.55 16.62 16.44 16.17 16.28 16.91 17.11 16.25 17.07 16.97 17.09 17.89 17.89 17.53 17.3 18.08 17.33 18.13 17.77 18.42 17.92 16.69 16.96 16.81 17.62 17.82 17.82 17.9 18.38
3.609 3.688 4.298 4.393 6.875 6.875 9.734 9.241 9.252 10.38 11.39 11.46 11.61 11.67 11.96 12.32 12.63 12.78 13.15 13.15 13.29 13.31 13.48 13.83 14.09 13.76 13.59 14.17 14.12 13.89 14.09 14.24 14.41 14.41 14.77 14.15 14.31 14.36 14.06 14.63 14.86 14.96 15.06 15.11 15.21 15.44 14.92 14.92 15.92 15.93 15.68 15.47 15.9 15.4 15.44 16.01 16.07 16.32 16.11 16.28 16.37 16.37 15.94 16.05 16.41 16.12 16.7 16.98 17.15 16.83 16.7 18.56 17.12 17.27 17.31 17.31 17.36 18.03 17.1 17.2 17.06 17.5 17.67 17.31 17.39 17.4 17.08 17.18 17.18 17.99 17.78
1.389 2.765 5.16 6.634 7.766 10.12 10.12 9.211 9.339 10.34 11.17 11.24 11.95 12.15 11.85 12.38 13.19 13.33 13.15 13.24 13.24 13.39 13.44 13.66 13.93 13.9 13.71 14.02 14.14 14.71 14.7 14.83 15.18 15.18 14.94 14.76 14.6 15.58 14.93 14.53 14.72 14.98 15.51 15.41 14.92 15.01 15.06 15.06 15.29 15.16 15.47 15.83 15.96 14.76 15.18 15.62 16.55 16.2 15.66 15.84 16.49 16.49 16.47 15.73 15.96 16.11 16.48 16.6 16.62 16.54 17.41 17.1 17.78 17.19 17.03 17.03 17.29 17.08 16.57 17.17 17.49 17.65 17.87 17.58 17.7 17.61 17.06 18.76 18.09 18.09 17.4
0.1393 1.624 3.805 5.328 7.389 9.224 9.224 9.768 9.855 10.75 10.41 10.76 11.63 12.27 11.9 12.32 12.87 13.94 13.08 13.09 13.09 13.45 13.66 13.71 13.85 13.89 13.98 14.26 14.31 14.64 15.13 15.2 15.23 15.4 15.4 14.74 14.43 14.63 14.82 14.98 15.55 15.34 14.89 14.9 15.74 14.77 15.07 15.13 15.13 15.05 15.32 15.55 16.14 16.3 16.17 15.33 15.34 15.62 15.71 15.36 16.32 16.94 16.94 16.2 15.94 16.61 16.84 16.38 16.37 16.45 17.58 17.81 17.9 17.66 17.69 17.69 18.19 17.6 17.6 17.96 17.96 17.3 17.53 17.12 17.65 17.24 17.97 17.84 17.35 17.35 17.58
0.0309 1.246 3.38 5.095 6.357 8.153 10.56 10.56 10.44 10.2 10.84 11.12 11.02 11.52 11.98 12.4 13.01 13.01 13.14 13.67 13.67 13.74 14.19 14.38 13.82 13.87 13.99 13.98 13.82 14.27 14.48 14.57 14.8 14.68 14.68 14.37 14.54 14.46 14.76 15.2 14.84 14.59 14.34 14.2 14.93 14.97 15.17 15.31 15.31 15.36 15.03 15.36 15.84 16.61 16.5 15.64 15.54 16.81 16.81 16.36 16.39 16.57 16.57 16.8 16.23 17.31 17.2 16.77 16.82 16.69 16.69 17.21 16.98 18.1 16.67 17.34 17.34 17.41 17.52 17.94 17.73 17.9 18.01 18.26 18.09 17.42 17.31 16.48 17.31 18.69 18.69
0.2588 2.4 3.775 5.071 6.008 7.443 9.842 9.842 10.42 9.422 10.54 11.08 11.51 11.72 11.93 12.33 12.67 12.82 13.06 13.64 13.88 13.88 13.79 13.77 13.6 13.74 14.24 14.1 14.08 14.52 14.61 14.48 14.59 14.52 14.9 14.9 15.36 15.42 14.98 14.92 14.41 14.26 14.09 14.38 14.91 15.84 15.66 15.72 15.78 15.78 15.24 15.57 15.96 15.53 15.47 15.67 16.12 16.31 16.41 16.37 16.36 16.1 17.21 17.21 16.58 17.02 16.7 16.76 16.77 16.9 16.77 16.74 16.88 18.35 18.21 17.34 17.34 18.09 18.28 18.25 17.06 17.03 18 17.9 17.91 17.74 18.06 18.3 17.59 18.09 18.09
2.881 5.226 5.117 5.794 6.211 7.577 9.02 9.861 9.861 9.875 10.82 11.35 11.46 11.56 11.79 12.16 12.63 13.13 13.56 13.14 13.77 13.77 13.73 13.55 14.42 14.77 14.61 14.56 14.7 14.37 14.55 14.22 14.5 14.48 15.75 15.75 15.88 16.15 14.99 14.67 14.79 14.68 15.01 15.36 15.78 15.4 16.14 16.48 16.4 16.4 15.8 15.85 15.9 15.22 15.44 15.8 16 16.66 16.56 16.9 17.52 16.41 16.87 16.87 16.47 16.64 17.48 17.13 16.41 16.86 16.94 16.89 17.15 17.66 17.87 17.11 18.71 18.71 18.45 17.69 16.98 17.34 18.68 17.6 18.02 18.26 18.7 18.18 17.51 18.23 18.52
7.954 6.754 6.096 6.396 7.095 8.337 9.723 10.38 10.38 11.03 11.09 11.26 11.5 11.36 11.68 11.88 12.59 13.23 13.19 13.06 13.34 13.8 13.8 14.35 14.64 14.74 15.17 14.46 14.46 14.39 14.43 14.15 14.57 14.06 14.44 14.63 14.63 15.07 15.64 15.82 14.45 14.8 15.05 15.19 15.73 14.96 15.28 15.37 15.5 16.19 16.19 15.65 16.36 15.11 15.83 15.8 16.12 16.5 16.43 15.93 16.53 17.03 17.51 17.51 15.6 16.46 17.29 16.45 16.31 16.9 16.76 16.81 16.9 17.06 17.43 16.89 16.95 16.95 17.51 18.25 17.89 17.18 17.06 17.71 18.05 17.84 19.12 17.92 17.39 17.07 18.13
4.849 5.543 6.05 6.996 8.074 9.05 10.23 11.39 11.39 11.36 11.36 11.61 11.65 12 11.91 12.08 12.5 13.12 13.37 13.4 13.72 13.95 13.95 13.77 15.27 14.52 14.26 14.34 14.61 14.57 14.64 14.76 14.95 14.9 14.58 14.99 14.99 14.69 15.08 15.13 14.34 14.88 14.94 14.86 15.42 14.76 14.76 14.82 15.18 15.51 15.51 16.16 16.92 15.29 16.71 16.41 16.16 16.32 16.45 16.57 16.44 16.62 17.67 16.15 16.15 16.33 16.65 16.79 16.47 17.07 16.84 16.76 17.1 17.38 17.37 17.17 17.35 18.43 18.43 18.35 18.65 17.86 17.09 17.94 17.95 18.15 18.97 17.79 18.92 19.17 18.13
4.928 4.01 6.47 8.306 9.394 10.03 10.84 11.16 10.32 10.32 10.99 11.71 11.89 12.06 11.66 12.3 12.54 12.87 13.45 13.85 13.39 13.48 13.68 13.68 13.68 13.85 14.39 15.69 15.11 14.41 14.06 14.58 14.52 14.65 14.93 14.63 14.57 14.57 14.51 14.58 15.24 15.14 15.28 15.31 14.91 14.57 15.55 15.89 15.57 15.87 15.87 16.3 16.56 16.27 15.9 16.03 15.92 16.01 16.03 16.36 16.35 16.32 16.64 16.48 16.48 16.29 16.29 16.35 17.38 17.96 17.66 17.65 17.2 17.2 17.54 17.87 17.47 17.95 17.95 17.81 18.06 17.37 17.25 18.03 18.11 18.07 18.72 17.91 18.01 18.59 18.3
6.422 7.203 8.919 10.03 10.45 10.69 11.4 11.99 10.84 10.84 10.57 11.14 11.78 11.6 11.77 12.59 12.6 12.59 12.96 13.05 13.54 13.96 13.92 13.92 14.32 14.86 14.18 14.73 15.01 13.64 14 14.73 14.82 15.22 15.12 14.7 14.97 14.97 15.48 15.3 15.18 15.1 15.33 15.38 15.93 14.62 15.46 16.13 16.52 15.97 16.48 16.48 15.88 16.36 16.79 16.15 15.83 15.85 15.8 16.32 16.29 16.44 16.69 17.22 17.03 17.03 16.28 16.44 18.02 17.49 17.99 18.13 17.77 17.35 17.98 18.58 17.19 17.78 17.75 17.75 17.5 17.93 17.55 17.44 19.29 17.89 18.45 17.79 18.66 18.64 18.19
6.885 7.801 8.968 9.844 10.71 11.52 11.86 12.12 11.1 10.41 10.41 11.06 11.68 11.78 12.14 12.33 12.33 12.39 12.73 12.91 13.82 13.79 13.67 13.77 13.77 13.92 14.41 15.27 14.57 14.47 14.07 14.37 15.3 14.88 14.85 14.77 15.43 15.43 15.78 14.7 14.84 15.12 14.72 14.75 15.09 14.73 14.97 15.15 15.31 15.37 16.08 16.08 15.33 15.51 15.95 16.35 15.69 15.53 15.55 16.11 16.44 16.75 16.39 16.78 16.68 16.68 16.33 16.71 17.02 16.81 17.44 17.08 17.65 17.53 17.22 17.24 17.06 17.37 17.49 17.49 18.33 16.97 16.77 17.03 17.84 17.94 17.54 17.53 17.78 17.83 18.09
7.154 8.231 9.156 9.175 10.06 10.79 11.09 10.94 10.58 11.11 11.11 10.61 11.61 11.89 11.88 12.43 12.23 12.35 12.59 13.01 13.7 13.57 13.51 14.23 14.23 14.24 14.05 14.85 15.02 15.37 14.72 15.07 15.12 14.66 14.54 14.76 14.82 15.07 15.07 14.59 14.55 15.1 15.04 14.69 15.02 14.86 15.48 15.93 15.76 16.24 15.8 16.14 16.14 15.68 15.71 15.66 15.32 15.81 16.07 16.35 16.23 16.6 16.55 16.25 16.36 16.43 16.43 17.31 17.09 16.74 17.21 17.17 17.5 18.19 18.02 18.23 17.91 17.31 17.23 18.06 18.06 17.16 17.34 17.82 17.98 17.73 17.7 17.93 18.7 19.17 19.11
7.394 8.757 9.998 9.563 9.729 9.569 10.2 11.03 11.3 11.52 10.96 10.96 11.6 11.78 12.18 13.13 12.55 12.63 13.08 13.61 13.29 12.99 13.12 14.12 14.11 14.11 14.41 14.14 14.45 14.6 15.44 15.31 14.54 15.49 14.85 15.24 15.79 14.95 14.95 15.87 14.83 15.82 15.23 14.86 14.87 15.18 15.61 15.34 15.66 15.51 16.12 15.97 15.97 15.21 15.39 16.48 16.07 16.71 16.04 16.05 16.03 16.26 16.93 16.61 17.4 16.4 16.4 17.43 17.38 16.97 17 16.79 17.26 17.55 17.16 16.99 16.91 17.52 17.34 17.33 17.33 17.9 17.53 17.67 18.07 18.04 18.04 18.23 18.3 18.12 17.79
7.578 9.07 9.739 10.01 11.11 10.93 10.67 11.24 11.28 10.84 10.77 10.77 11.06 11.42 11.9 12.44 12.1 12.69 12.9 13.42 13.45 13.27 13.57 13.94 13.61 13.61 14.15 14.16 14.32 14.36 15.39 15.13 14.59 15.62 15 14.56 15.17 14.84 14.78 14.78 14.95 14.86 14.64 15.15 15.65 15.44 15.48 15.22 15.33 15.58 15.88 15.56 15.32 15.32 15.6 16.64 15.91 16.21 16.78 16.49 16.17 16.18 16.94 16.81 16.82 16.56 16.88 16.88 17.13 16.76 16.75 17.24 17.28 16.99 16.91 18.17 18.71 19.26 18.7 18.08 18.08 18.03 17.48 17.46 17.84 17.33 17.98 18.28 18.03 17.88 18.29
7.627 8.558 9.159 10.16 10.97 11.36 11.21 11.25 12.11 10.95 10.61 10.75 10.75 11.24 12.05 12.76 12.9 13.14 13.86 13.09 13.27 13.29 14.12 13.95 13.51 13.51 14.35 14.06 14.31 14.54 14.49 14.63 14.85 15.1 14.51 14.69 15 15.27 14.58 14.58 15.88 15.52 15.03 15.1 15.3 15.12 15.45 15.95 16.49 15.9 16.04 15.83 15.68 15.68 15.56 15.87 15.65 15.65 15.94 16.47 16.96 15.81 16.99 16.68 16.86 18.03 17.15 17.15 17.09 17.51 16.92 17.29 17.1 17.04 17.17 16.96 17.16 18.29 18.96 18.4 17.31 17.31 17.54 17.71 18.12 17.72 17.77 17.94 18.17 18.44 18.57
6.932 7.856 9.893 10.13 11.49 11.92 10.81 11.01 11.87 11.41 11.36 11.71 11.71 11.46 11.79 12.3 12.93 13.28 13.94 13.17 13.21 13.3 13.63 13.72 13.61 13.84 13.84 13.74 14.08 14.53 14.67 14.69 14.71 14.68 14.64 14.89 15.98 16.02 15.17 15.18 15.18 15.29 15.65 15.73 15.06 15.4 16.6 15.58 15.82 16.2 16.51 16.2 16.15 15.94 15.94 15.85 15.71 16.52 17 16.13 17.12 16 16.71 17.41 16.75 17.74 17.41 17.41 18.03 18.09 17.31 17.12 17.27 17.3 17.48 17.5 17.29 17.83 18.48 18.3 17.29 17.29 17.34 17.47 18.4 17.74 17.59 18.19 19.71 19.05 18.58
8.144 8.275 9.111 9.045 8.041 8.543 9.616 10.31 10.13 9.939 10.16 11.47 11.47 11.83 11.83 12.18 12.42 12.93 13.58 12.87 13.35 13.38 13.16 13.14 13.45 13.33 13.33 13.47 13.77 14.27 14.47 14.32 14.29 14.52 14.98 14.63 15.98 16.05 15.47 15.17 15.17 15.44 15.28 15.84 15.25 15.74 16.67 16.15 15.77 15.83 15.85 16.11 16.13 16.18 16.18 16.08 16.28 17.06 16.46 16.21 16.28 15.93 16.16 16.2 17.61 17.47 17.31 16.83 16.83 16.81 17.65 17.47 17.21 16.83 17.34 17.6 18.23 18.46 17.62 17.4 19.39 17.45 17.45 17.33 18.3 19.25 19.43 19.25 19.38 18.4 17.95
6.487 7.602 8.929 8.679 7.835 7.017 5.767 6.167 7.281 8.749 8.978 10.74 11.89 11.89 12.24 12.42 12.51 12.6 12.8 12.99 13.04 13.05 13.01 13.43 13.26 13.46 13.57 13.57 13.44 13.95 14.78 14.77 14.53 14.6 14.8 14.67 14.83 15.69 15.06 15.4 15.86 15.86 16.19 15.6 15.89 16.05 15.71 15.75 15.92 15.71 16.15 16.28 16.16 16 16 16.18 15.57 16.35 16.14 16.46 16.69 16.66 15.53 15.88 17.54 16.68 16.86 16.35 16.35 16.05 16.69 17.89 18.23 17.65 17.52 17.5 17.64 17.63 17.76 17.37 18.79 18.39 18.39 17.86 18.61 19.17 18.4 18.49 19.1 19.48 18.12
6.746 6.95 7.657 8.055 6.981 5.597 4.861 4.017 5.62 8.039 9.661 10.54 11.24 11.24 11.09 12.93 12.65 12.45 12.49 12.74 12.72 12.8 13.06 13.05 12.89 13.33 13.18 13.18 13.37 13.56 14.6 14.9 14.31 14.48 14.78 14.8 15.11 15.36 15.33 15.35 15.29 15.29 15.35 15.69 15.62 15.48 15.26 15.82 16.63 15.41 15.88 16.59 16.09 15.77 16.5 16.5 15.95 16.15 16.27 16.93 17.07 16.78 15.96 16.11 17.62 16.76 17.82 18.11 16.32 16.32 17.42 18.02 17.94 18.1 17.9 17.43 18.22 17.77 17.71 17.76 18.71 18.72 18.17 18.17 18.89 18.58 18.6 18.44 19.02 18.81 18.74
6.058 6.086 6.242 6.859 6.038 4.664 4.62 2.904 3.747 5.954 8.419 9.434 10.03 10.43 10.43 11.14 12.3 12.38 12.48 12.8 12.62 12.75 12.93 12.88 13.16 13.01 13.23 13.65 13.65 13.7 13.96 14.29 14.1 14.64 14.96 15.03 15.47 14.85 15.07 15.39 15.53 15.53 16.29 15.7 15.49 15.34 15.7 15.72 15.74 15.91 16.04 16.57 16.42 16.54 16.66 16.66 16.04 16.08 16.24 16.78 17.16 16.63 17.19 16.72 17.22 17.94 17.56 17.41 17.44 17.44 18.04 17.42 17.61 18.32 17.95 17.32 17.79 18.12 17.93 17.92 18.52 18.01 17.5 17.5 18.11 18.33 18.39 18.74 19.67 19.12 19.28
5.919 5.862 5.927 5.759 5.89 4.868 3.9 1.53 2.01 4.47 7.366 9.217 10.34 10.56 10.56 10.8 12.04 12.66 13.13 12.71 12.79 12.62 13.12 13.36 13.35 13.28 13.49 13.9 13.9 13.87 14.19 14.15 14.18 14.63 14.81 15.25 15.55 14.89 15.4 15.09 15.93 15.93 15.93 15.27 15.37 15.64 16.28 15.27 15.14 15.21 15.81 16.75 16.28 16.56 17.05 16.42 16.42 16.51 15.91 16.25 16.71 16.5 17.41 17.38 17.26 18.58 17.23 17.19 17.88 18.11 18.11 17.05 18.14 18.43 18.36 17.78 17.93 18.38 18 17.87 18.33 18.46 18.5 18.55 18.55 18.42 20.08 18.85 19.28 19.22 19.66
5.561 5.561 5.299 4.894 4.812 5.379 1.65 0.1533 1.591 4.133 6.623 8.625 9.772 9.923 10.77 10.77 11.92 12.66 13.37 12.92 12.77 13.13 13.2 13.39 13.13 13.01 13.37 13.63 13.21 13.21 13.22 15.05 14.12 14.44 14.63 15.54 15.71 15.45 15.85 15.37 15.23 15.17 15.17 15.27 15.62 15.72 16.02 15.47 15.22 15.99 15.39 16.74 16.4 16.58 17.14 17.22 17.22 17.08 16.67 17.21 17.32 16.98 16.8 17.15 17.93 17.7 17.02 17.73 18.32 17.81 17.81 16.51 18.09 18.85 17.78 18.32 17.47 17.71 18.4 17.64 17.99 17.83 18.09 18.33 18.33 18.83 18.51 18.37 18.19 18.42 18.96
4.843 4.843 5.21 5.874 5.913 2.683 0.04007 0.06032 2.06 4.126 5.936 8.407 9.242 9.597 10.12 10.12 10.98 11.75 12.16 13.49 13.84 13.94 13.45 13.28 13.15 13.29 13.56 13.6 13.42 13.42 13.58 14.15 14.99 15.12 14.33 14.66 15.71 15.51 15.72 15.48 15.11 15 15.35 15.35 16.63 15.79 15.84 15.84 15.81 16.47 16.64 17.53 16.87 17.27 17.34 16.97 16.85 16.85 16.69 17.16 17.33 17.21 17.71 17.98 18.11 17.73 17.58 18.17 18.31 19.37 17.88 17.88 17.33 17.69 19.3 18.12 17.84 18.66 18.96 17.79 17.64 18.07 18.25 18.04 18.04 17.76 18.18 18.26 18.5 20.07 19.22
1.097 0.1552 0.1552 2.537 1.514 0.002223 0.002594 0.01396 2.303 5.142 4.49 7.181 7.764 8.381 8.285 9.391 9.391 10.54 11.59 12.95 13.3 13.36 13.37 13.58 14.1 13.5 13.35 13.09 12.9 12.9 13.77 14.58 15.05 14.54 14.39 14.23 15.03 14.43 15.55 14.85 14.75 15.05 15.47 15.47 15.62 15.78 15.95 15.86 15.83 16.25 16.53 16.36 16.29 16.35 16.39 17.68 17.47 17.47 16.78 17.32 17.22 17.4 17.84 18.26 18.6 18.48 18.87 18.38 17.75 18.52 19.09 19.09 18.66 19.45 18.42 17.68 17.62 18.67 18.67 18.16 17.6 18.25 18.61 18.2 17.95 17.95 18.8 18.17 18.23 19.06 19.4
0 0 0 0 0 0 0 1.233 3.13 4.408 4.027 5.421 5.793 7.144 8.221 9.808 9.808 10.76 11.37 12.21 13.02 13.43 13.35 13.49 14.19 13.87 13.5 13.16 13.22 13.79 13.79 14.06 14.01 14.09 14.55 14.51 15.03 14.13 15.75 14.58 15.19 15.21 15.08 15.24 15.24 15.56 16.61 15.85 15.88 15.87 16.42 16.95 17.05 16.89 17.2 17.57 18.15 18.25 18.25 17.4 17.2 17.46 17.89 17.94 18.01 18.12 18.8 18.65 18.24 18.4 18.58 18.58 18.56 18.51 19.77 19.18 18.11 18.32 19.8 18.4 19.66 19.99 19.92 19.82 19.28 18.66 17.69 17.6 18.32 18.39 18.63
0 0 0 0 0 0 0 1.037 2.301 3.018 3.456 3.807 4.22 5.392 8.133 10.04 10.04 10.76 11.56 12.15 12.76 13.06 13.14 13.08 13.97 14.15 13.46 13.05 13.17 13.98 13.98 13.88 13.73 13.98 14.58 15.01 15.22 14.4 14.22 14.55 14.82 14.8 14.78 14.93 14.93 15.41 16.39 16.24 15.88 16.2 16.44 16.19 16.99 17.25 17.76 17.45 18.32 18.45 18.45 17.11 17.94 17.26 18.17 17.75 17.3 17.47 17.05 17.87 17.91 17.42 17.3 18.47 18.47 19.24 18.48 18.43 17.63 17.81 17.82 18 18.45 18.54 18.94 19.01 18.12 18.76 18.76 17.94 18.87 19.29 18.8
0 0 0 0 0 0 0 0.08733 1.453 2.793 4.048 2.208 4.033 6.575 5.255 7.841 11.46 11.46 11.89 11.41 12.1 13.75 13.97 13.82 13.76 13.44 13.52 13.08 12.63 13.09 13.57 13.57 13.86 13.75 14.39 14.18 14.72 14.7 14.29 14.42 15.17 15.07 15.02 14.88 14.89 14.89 15.56 15.97 15.56 15.6 16.09 16.27 16.68 17.88 17.07 17.54 17.88 18.02 18.02 17.56 19.4 18.67 18.6 17.46 17.27 17.93 17.08 17.25 17.24 16.67 16.71 16.57 16.57 17.24 18.4 18.39 18.02 19.71 19.17 19.99 20.31 20.16 18.48 20.01 19.01 18.82 18.82 18.77 19.21 19.55 19.65
0 0 0 0 0 0 0 0 0.5931 1.169 1.22 0.5971 1.335 5.501 5.847 8.686 11.96 11.96 12.46 12.05 12.29 13.79 14.48 14.48 13.92 13.44 13.55 13.59 12.98 13.37 13.85 13.85 14.15 13.56 14.1 14.24 14.56 14.62 14.47 14.74 15.68 15.7 15.44 15.98 16.16 16.16 15.1 15.76 15.49 15.7 16.43 16.17 16.78 17.14 17.13 17.29 17.74 17.9 18.01 18.01 18.08 18.44 18.39 17.14 17.85 17.38 17.42 17.37 16.66 15.59 16.98 17.54 18.95 18.95 18.96 18.73 18 18.64 19.41 18.09 19.03 18.71 17.85 19 19.07 18.3 18.32 18.32 19.48 19.17 18.41
0 0 0 0 0 0 0 0 0 0 0.01374 0.04505 1.831 5.273 6.384 9.281 11.56 12.12 12.12 12.01 12.15 14.09 14.49 14.42 13.57 13.71 13.93 13.86 13.59 13.09 14.28 13.74 13.74 13.44 13.95 14.41 14.39 14.5 14.76 16.14 15.99 15.67 14.92 15.74 16.17 15.7 15.7 15.69 15.69 15.89 16.07 16.6 18.23 17.91 17.34 17.42 17.82 17.94 17.59 17.59 17.03 17.12 18.03 17.32 16.04 15.56 16.38 15.62 15.72 15.79 16.99 17.92 18.66 18.66 18.69 18.75 17.99 17.91 19.24 18.15 18.65 18.73 17.64 18.72 18.39 19.03 20.74 20.74 19.48 18.92 18.32
0 0 0 0 0 0 0 0 0 0 0.004362 0.3579 3.59 4.37 4.823 8.892 11.42 11.96 11.96 11.99 12.56 13.61 14.18 14.63 14.01 14.63 14.6 14.33 14.01 14.61 13.72 13.7 13.7 13.91 13.75 13.98 14.6 14.92 14.99 15.07 15.44 15.32 15.08 15.8 15.44 15.77 15.77 15.74 15.68 16.05 16.48 16.91 16.75 18.03 17.82 17.57 17.9 17.53 17.13 16.7 16.7 16.18 16.73 15.44 15.33 14.92 15.78 15.28 15.23 15.33 15.58 15.8 17.32 19.15 19.15 19.81 18.11 17.8 18.97 18.67 18.9 19.52 18.77 18.48 18.08 19.66 19.52 19.13 19.13 18.75 18.34
0 0 0 0 0 0 0 0 0 0 0.006421 0.806 4.406 4.168 4.759 8.318 10.4 11.5 11.96 11.96 13.52 14.58 14.24 15.03 14.97 14.36 13.58 14.05 14.12 14.36 14.42 13.95 13.5 13.5 13.39 14.65 14.6 14.48 14.69 14.67 15.21 15.08 15.34 16.34 14.82 15.55 15.55 16.55 15.62 16.04 16.68 16.22 16.44 17.38 17.07 17.06 17.64 17.42 16.78 16.25 16.25 15.86 15.31 14.59 14.65 14.85 14.75 14.54 14.14 14.24 14.85 15.71 17.4 17.4 17.4 16.83 18.06 18.77 17.73 18.01 17.94 18.09 18.52 18.76 18.15 18.81 19.2 19.73 19.73 18.85 17.97
0 0 0 0 0 0 0 0 0 0 0.01288 0.5373 5.161 4.519 5.475 7.225 9.045 10.2 11.91 11.91 13.94 15.38 14.65 14.51 14.45 14.35 14.2 14.56 14.2 14.04 13.93 14.11 14.34 14.34 14.44 15.02 14.76 14.61 14.67 14.53 14.66 14.9 15.11 15.4 15.75 15.79 16.65 16.65 16.01 18.01 16.92 15.96 16.09 16.49 16.21 16.71 16.44 16.12 15.32 14.69 14.87 14.87 14.54 14.29 15.6 15.14 13.74 13.38 13.21 13.43 14 15.07 15.82 15.55 16.66 16.66 17.81 17.58 18.16 18.19 19.01 18.49 18.87 18.87 18.01 19.63 19.04 20.05 20.05 19.82 18.84
0 0 0 0 0 0 0 0 0 0 0 1.124 3.738 4.481 4.308 6.486 8.344 10.36 11.32 13.06 13.06 15.02 14.84 13.81 14 14.06 14.24 14.84 13.96 14.1 14.44 14.49 14.79 14.79 15 15.11 14.48 14.11 14.41 15.26 15.47 15.65 15.53 15.36 15.83 16.38 17.21 17.21 17.43 17.49 17.54 16.82 16.47 16.32 16.41 16.34 15.77 15.44 14.54 13.44 14.38 14.38 14.96 14.03 14.27 14.09 13.29 13.07 13.42 14.13 14.2 14.59 15.44 15.19 16.66 16.66 16.56 16.76 17.99 18.07 19.08 19.85 19.67 18.84 19.06 18.52 19.08 20.2 20.57 19.88 18.91
0 0 0 0 0 0 0 0 0 0 0 1.598 3.82 5.145 5.319 5.982 7.734 8.575 10.09 10.38 10.38 12.49 13.75 13.4 13.5 14 14.12 14.14 13.88 14.04 15.34 14.69 14.77 14.6 14.6 14.9 14.43 13.98 13.87 15.3 15.85 15.33 15.16 15.72 16.14 16.12 16.01 16.16 16.16 16.55 16.92 17.31 16.59 16.78 15.81 15.9 15.7 15.14 14.65 13.27 15.44 15.76 15.76 14.53 13.48 13.79 13.4 12.75 12.97 13.78 14.36 15.08 15.36 15.18 15.38 15.38 15.65 16.41 17.46 17.88 18.01 18.08 18.86 19.52 20.25 19.07 18.84 20.14 20.58 20.58 19.6
0 0 0 0 0 0 0 0 0 0 0 1.199 3.3 4.977 5.166 5.734 6.402 7.32 8.372 9.974 9.974 11.16 12.62 13 13.88 14.46 14.22 14.35 14.33 14.13 14.49 14.7 15.4 14.91 14.91 15.07 14.24 14.19 14.17 15.11 15.88 15.94 16.21 16.52 16.62 16.36 15.91 15.54 15.54 16.07 17.81 17.46 17.16 17.13 16.63 16.72 16.89 15.26 15.95 15.91 16.05 15.66 15.66 14.45 13.51 14.08 14 13.67 13.49 13.9 14.2 15.24 15.24 14.94 15.59 15.76 15.76 16.49 16.92 17.7 18.76 18.33 17.37 19.45 19.16 19.03 19.13 19.34 19.57 19.35 19.35
