scipy2012/geoprocessing_tutorial/spatial_test_data/tsunami_max_inundation_depth_BB_geographic.asc
ncols         858
nrows         644
xllcorner     150.12002735076
yllcorner     -35.786844973071
cellsize      0.00020515174505097
NODATA_value  -9999
[rows 600 to 639 of 644, columns 637 to 727 of 858]
25.62 25.84 25.96 26.99 28.09 29.19 29.76 29.76 29.83 29.89 30.41 30.25 30.09 29.93 29.7 29.36 29.03 28.57 28.78 29.28 29.28 28.71 26.76 24.19 23.17 23.51 23.93 24.54 25.27 25.66 25.79 25.59 25.38 22.77 22.77 20.07 17.5 15.9 16.97 18.56 20.14 26.1 30.92 34.81 30.55 25.89 24.22 24.01 24.01 23.71 22.56 25.52 28.54 31.55 34.51 27.88 19.03 13.44 9.985 9.658 14.75 19.84 19.84 23.79 28.29 33.55 33.18 28.27 23.64 20.57 22.15 24.93 27.71 30.27 31.58 32.89 32.89 34.2 35.51 35.11 33.38 32.26 31.15 30.03 29.12 30.78 32.44 34.1 35.58 35.58 36.12
24.77 25.19 25.75 27.27 28.55 29.33 29.82 29.82 29.83 29.87 29.56 29.42 29.28 29.14 28.35 27.83 27.47 26.99 26.71 26.51 25.95 25.95 25.06 23.31 22.79 22.92 23.39 23.92 24.15 24.43 24.22 23.14 22.06 19.42 16.5 16.5 14.63 13.03 12.6 14.24 15.91 19.21 23.32 26.21 23.23 20.38 19.14 21.66 21.66 20.51 20.35 23.37 26.39 28.53 29.74 26.1 18.94 12.07 10.08 8.65 11.43 15.35 15.35 18.64 23.14 27.84 31.46 28.58 25.69 22.36 24.29 26.68 29.08 30.47 31.83 33.2 33.2 34.56 35.38 34.31 33.82 33.32 32.37 31.26 30.14 31.17 32.83 34.1 34.82 35.21 35.21
23.94 24.62 25.93 27.48 28.81 29.33 29.84 29.66 29.66 29.13 28.61 28.09 27.61 27.93 27.08 26.3 25.89 25.47 25.61 24.92 24.21 24.21 23.53 22.93 22.41 22.33 22.89 23.71 24.07 24.23 23.11 20.22 18.73 16.3 13.81 13.81 11.71 10.12 10.46 10.52 11.69 14.81 18.69 21.08 18.11 16.52 15.3 14.21 13.23 13.23 12.91 13.22 20.88 22.48 22.23 18.75 13.89 11.04 9.527 8.017 7.887 11.12 14.35 14.35 16.59 20.38 24.3 23.76 20.88 22.72 25.24 27.64 29.56 30.89 32.26 33.63 33.63 34.99 34.36 33.07 32.58 32.08 31.59 31.1 30.61 31.14 31.86 32.58 33.29 33.41 33.41
25.24 25.92 27.42 28.45 29.08 29.68 30.19 29.13 29.13 28.01 27.48 26.96 26.6 26.09 25.19 25.37 25.58 25.01 25.04 24.63 23.96 23.35 23.35 22.71 22.07 21.75 22.54 23.36 23.98 23.85 23.33 20.44 17.57 14.68 11.48 8.915 8.915 9.342 9.769 9.978 10.02 10.88 14.06 15.96 14.04 12.67 11.46 10.35 9.297 9.297 9.184 9.669 11.53 12.33 13.14 10.16 8.046 8.828 7.385 5.975 6.735 8.791 12.25 12.25 15.51 16.52 17.53 18.95 20.92 23.56 26.19 28.59 30 31.33 32.69 34.06 35.08 35.08 33.34 31.83 31.34 30.84 30.35 29.86 30.12 30.43 31.1 31.82 32.53 32.51 32.01
26.8 27.36 28.1 28.72 29.35 29.97 29.81 28.6 28.6 27.39 26.36 25.96 25.6 25.24 24.8 25.85 26.38 25.81 25.56 24.85 24.08 23.24 23.24 22.36 21.89 21.61 22.61 23.41 23.96 23.47 23.26 20.66 18.16 15.45 12.34 9.73 9.73 9.078 9.075 9.433 9.913 10.9 11.89 12.3 10.98 9.656 8.416 7.704 7.254 8.269 8.269 9.437 13.35 14.5 14.63 11.47 7.346 6.018 5.357 5.65 6.471 8.389 10.16 14.19 14.19 15.44 16.45 19.17 21.79 24.42 27.05 29.11 30.44 31.76 33.12 34.49 34.06 34.06 32.32 30.59 30.1 29.6 29.13 29.44 29.74 30.05 30.36 31.06 31.77 31.6 31.11
27.55 27.74 28.14 28.75 29.36 29.97 30.87 29.52 28.16 28.16 27.09 26.49 25.9 25.3 25.28 26.32 27.18 26.69 26.86 26.59 25.82 24.47 22.95 22.95 21.58 21.43 22.69 23.94 24.46 23.58 22.94 21.15 18.76 16.4 13.76 11.15 11.15 9.637 9.427 9.673 13.22 15.81 18.4 16.26 12.87 11.55 9.162 7.366 7.387 8.213 8.213 9.479 14.09 16.67 15.58 12.58 9.342 7.431 6.195 6.436 8.226 10.45 12.28 14 14 19.46 20.46 21.46 22.72 25.34 28.36 29.65 30.88 32.2 33.55 34.78 33.04 31.3 31.3 29.57 28.86 28.44 28.75 29.06 29.37 29.68 29.98 30.3 31.01 30.7 30.68
27.94 28.12 28.45 28.82 29.35 30.14 31.18 30.69 29.34 29.34 28.71 28.09 27.49 26.17 25.8 26.82 27.84 27.99 28.17 28.33 27.22 25.7 24.14 24.14 22.51 21.72 23.02 24.32 25.47 26.32 26.58 24.68 23.26 21.83 20.11 13.86 12.23 12.23 11.76 12.09 18.5 22.52 25.11 20.91 16.68 13.45 10.97 8.468 7.854 8.823 11.24 11.24 14.94 18.84 16.54 14.22 11.32 9.444 7.567 8.062 10.29 12.52 14.4 20.67 20.67 27.92 29.28 27.57 25.72 28.75 30.11 31.17 32.23 32.64 33.98 33.76 32.02 30.28 30.28 28.55 27.76 28.07 28.38 28.68 28.99 29.3 29.61 29.92 30.25 30.51 30.84
28.55 28.72 28.69 29.06 29.43 30.33 31.38 31.86 30.96 30.33 30.33 29.67 28.35 27.03 26.33 26.75 27.05 27.15 27.65 28.15 28.1 26.46 24.83 23.47 23.47 23.23 23.81 25.09 26.13 27.17 28.06 26.66 25.1 23.35 20.13 19.72 18.54 18.54 17.15 15.76 21 27.97 29.78 25.55 21.47 16.69 13.21 11.75 9.549 9.962 13.66 13.66 17.74 22.13 23.05 21.92 14.15 11 9.208 8.716 11.41 14.11 19.65 27.34 34.59 34.59 36.61 33.1 29.58 29.82 30.88 31.62 32.35 33.08 33.75 33.46 32.02 30.57 29.36 28.46 28.81 29.18 29.56 29.94 30.32 30.7 31.08 31.46 30.97 30.67 31
28.56 28.97 29.11 29.24 29.56 30.57 30.36 31.71 30.78 29.61 29.61 28.57 27.62 26.38 25.65 25.64 25.91 25.88 26.08 26.58 26.57 26.5 25.52 25.06 25.06 24.81 24.59 25.75 26.64 27.51 28.38 28.11 26.23 22.23 19.26 18.86 18.45 17.81 17.81 16.42 22.59 25.41 27.99 28.93 27.53 18.83 13.2 12 10.79 11.76 17.3 17.3 22.33 26.72 30.98 27.33 19.55 12.56 11.04 9.625 11.84 15.51 20.9 28.87 36.7 36.7 36.31 33.62 30.27 29.64 30.14 30.88 31.61 32.34 32.94 33.53 32.69 31.24 30.8 30.8 31.81 32.82 33.23 33.61 32.15 32.53 32.91 32.54 31.82 31.1 31.16
28.02 28.68 29 29.31 29.63 29.01 28.39 27.83 27.42 26.9 26.04 26.04 26.6 25.68 25.17 24.66 24.76 24.74 24.71 25.02 24.96 25.22 25.52 25.3 25.3 25.12 24.91 25.31 26.33 27.35 28.36 29.01 24.99 20.95 18.58 18.16 17.74 17.32 17.32 17.11 19.09 21.91 24.73 23.54 19.74 15.94 12.9 10.98 9.043 10.2 14.15 22.24 22.24 27.79 31.92 28.93 20.13 12.51 12.15 11.46 12.55 17.92 23.29 30.12 32.31 31.93 31.93 31.55 29.76 29.76 29.77 30.14 30.87 31.54 32.13 32.72 33.31 31.91 32.25 32.25 33.25 34.26 35.06 35.44 35.82 35.67 34.95 34.23 33.51 31.94 31.32
27.8 28.41 29.05 29.67 29.82 28.96 28.16 28.16 27.56 26.84 26.21 26.21 26.21 26.3 25.82 25.32 25.35 24.22 24.2 23.94 24.46 25.08 25 24.7 24.52 24.52 24.17 24.03 25.05 26.05 26.91 26.84 23.25 19.82 18.44 17.92 17.5 18.42 17.97 17.97 17.51 19.92 21.49 19.21 16.18 13.15 10.76 8.826 7.055 7.476 10.15 12.87 12.87 16.12 16.34 14 17.09 11.9 11.54 11.01 12.05 17.71 23.79 28.55 28.44 28.22 28.22 28 29.41 29.69 29.8 29.89 30.13 30.72 31.32 31.91 32.5 32.68 33.69 34.7 34.7 35.7 36.71 37.27 37.24 36.52 35.8 35.08 34.36 33.64 32.88
28.22 28.93 29.65 30.33 30.01 29.28 28.63 29.13 29.16 28.37 27.62 27.62 27.14 26.66 26.46 26.42 25.96 25.35 25.09 24.9 24.18 24.29 24.49 24.16 23.85 23.85 23.42 23 23.63 24.49 25.34 24.67 21.33 19.89 18.52 18.12 19.42 20.73 18.82 18.82 16.01 18.36 17.6 15.77 13.43 10.56 8.613 6.667 6.381 6.802 8.244 11.04 14.19 14.19 14.29 12.8 11.23 10.19 9.287 8.656 10.72 14.13 20.18 24.46 24.9 25.26 25.57 25.57 27.45 29.26 29.37 30.05 31.04 31.65 32.24 32.83 33.43 32.74 33.63 34.95 34.95 36.28 37.6 38.67 37.82 36.98 36.14 35.29 34.45 33.6 32.76
28.72 29.38 30.04 30.6 30.41 29.68 29.59 30.09 30.9 29.91 29.09 28.55 28.55 27.84 26.2 25.48 24.82 24.21 23.94 23.85 25.29 26.75 27.97 29.18 29.65 29.58 29.58 29.59 25.29 24.07 23.77 22.71 20.94 19.39 18.07 16.43 17.92 19.07 17.97 17.97 16.87 15.54 13.71 11.97 10.7 9.131 7.667 6.384 7.017 7.314 7.841 9.95 13.1 13.1 12.99 11.92 10.46 9.471 8.571 8.696 10.7 13.4 16.11 19.45 22.78 25.5 25.92 25.07 26.87 28.67 30.34 31.33 32.32 33.01 33.6 34.2 33.83 32.72 32.76 34.08 35.41 35.41 36.73 37.69 37.7 36.86 36.01 35.17 34.33 33.48 33.72
28.88 29.54 30.21 30.35 30.44 30.08 30.77 31.89 33 32.11 30.94 28.81 28.81 26.88 25.35 24.63 23.91 23.34 25.14 26.8 28.47 29.94 31.36 32.66 33.09 33.02 33.02 32.95 31.74 30.11 28.49 25.62 22.68 18.89 17.35 15.72 15.28 15.51 14.41 14.8 14.8 15.66 15.04 13.77 12.2 9.835 8.264 7.521 8.463 8.921 9.571 10.92 12.26 11.92 11.92 11.29 10.66 10.58 10.93 11.38 12.07 14.69 17.88 21.94 25.3 26.61 27.04 27.04 27.96 29.74 31.52 33.3 33.61 34.37 34.97 34.93 33.81 32.7 31.89 33.21 34.54 34.54 35.61 36.55 37.5 36.74 35.89 35.05 34.2 34.05 34.98
29.11 29.71 30.02 30.29 30.57 30.81 32.39 33.99 35.11 34.27 30.24 27.59 25.91 25.91 24.51 23.92 23.94 23.96 27.05 29.99 31.66 33.11 34.53 35.23 35.09 34.34 33.6 33.6 33.61 32.71 30.83 27.89 24.95 21.47 16.22 14.17 12.55 12.93 13.38 14.31 14.31 15.33 16.48 15.58 13.37 11.01 8.861 8.658 9.601 10.53 11.3 13.65 17.35 16.32 16.32 15.69 15.06 13.68 13.51 14.07 14.75 16.05 20.12 24.18 27.3 27.73 28.08 28.67 28.67 30.4 32.13 33.86 35.62 37.1 36 34.89 33.77 32.68 31.57 32.34 33.54 34.48 34.48 35.42 36.36 36.61 35.77 34.93 34.39 35.32 36.25
29.68 29.89 30.45 30.94 31.5 32.16 31.98 33.86 35.74 32.82 28.79 26.27 24.67 24.67 24.4 24.55 24.57 24.93 28.35 31.77 34.84 35.33 34.79 34.39 34.79 34.88 34.26 34.26 34.32 34.37 33.1 30.15 27.21 23.4 18.15 13.36 11.96 12.42 12.88 14.69 18.41 18.41 22.12 22.58 15.07 12.63 10.19 9.68 10.6 11.51 15.28 19.25 22.96 21.95 20.09 20.09 19.41 18.04 16.81 17.56 18.77 21.18 24.84 28.28 28.22 28.56 28.9 29.59 29.59 31.32 33.05 34.79 36.24 36.51 35.7 34.6 33.5 32.4 31.3 31.01 31.76 32.51 32.51 34.28 35.22 36.16 35.65 34.8 35.66 36.58 37.51
29.77 30.02 30.29 30.69 31.16 31.85 32.54 33.24 31.09 28.27 25.45 24.94 24.24 23.74 23.74 24.31 25 26.23 29.43 32.54 34.14 33.61 33.61 33.78 34.12 34.45 35.22 35.22 35.66 36.1 36.54 33.36 30.13 24.1 19.49 14.84 11.45 12.02 12.59 17.03 24.09 24.09 28 27.58 22.99 18.88 16.17 13.31 11.77 12.52 15.89 22.17 28.45 27.58 25.48 25.48 23.77 23.22 22.92 22.63 23.55 26.9 29.84 32.12 30.47 29.37 29.71 30.51 32.24 32.24 33.97 35.03 35.31 35.57 35.32 34.22 33.11 32.01 30.91 31.08 31.81 32.57 33.32 33.32 34.07 34.82 36.13 37.08 36.92 37.83 38.73
30.1 30.42 30.68 30.97 30.81 31.06 31.66 31.93 28.64 25.82 23.48 22.55 22.85 23.15 23.15 22.76 24.22 26.79 29.64 32.75 32.12 31.01 31.05 31.71 32.04 33.11 34.81 35.57 35.57 37.19 38.48 36.91 29.88 22.86 17.36 13.7 12.8 12.13 12.36 18.78 25.84 32.9 32.9 32.31 26.75 21.19 18.34 15.55 12.76 15.82 18.88 23.37 27.97 32.22 32.61 29.25 27.87 27.54 27.6 27.66 28.5 31.41 34.32 34.4 32.76 31.11 30.53 31.43 33.16 33.16 33.81 34.1 34.39 34.63 34.85 33.83 32.73 31.63 30.53 31.16 31.87 32.62 33.37 33.37 34.12 35.58 37.07 38.09 38.99 39.88 40.78
30.56 30.56 31.08 30.96 30.28 30.29 30.68 29.87 26.44 23.38 21.92 20.85 20.53 21.2 22.49 22.49 24.12 26.64 29.11 30.84 31.21 28.41 28.81 29.5 30.45 33.04 34.82 34.61 34.61 35.82 37.45 35.16 28.53 21.7 16.68 15.57 14.78 14.1 13.55 16.78 23.32 29.38 29.38 31.56 27.44 22.58 19.78 16.98 14.19 16.97 20.23 22.41 26.6 30.8 34.78 35.54 35.54 34.98 34.26 34.33 32.9 35.88 38.33 36.69 35.04 33.4 31.75 32.31 32.59 32.88 32.88 33.17 33.46 33.7 33.91 33.45 32.35 31.25 30.57 31.24 31.92 32.67 33.42 33.42 34.96 36.58 38 39.03 40.02 40.91 41.8
30.4 30.4 30.51 30.2 29.75 29.57 28.97 26.95 23.78 21.43 20.39 19.33 19.62 21.45 22.74 22.74 24.36 25.99 27.65 29.37 31.1 29.78 29.94 30.45 31.93 33.63 34.95 34.61 34.46 34.46 34.47 30.93 26.44 21.11 18.91 17.44 16.75 15.91 15.68 16.57 19.69 23.38 25.56 25.56 27.74 24.02 21.22 18.42 15.62 18.12 19.74 21.02 23.1 27.29 31.38 33.55 33.55 34.31 35.07 35.33 35.54 35.62 33.75 31.88 30.34 32.11 31.66 31.44 31.67 31.96 31.96 32.24 32.53 32.76 32.97 33.07 31.97 30.87 30.65 31.31 31.98 32.72 34.34 35.96 35.96 37.58 38.93 39.96 40.99 41.94 42.83
29.78 28.98 28.98 28.74 28.51 27.22 25.44 23.55 21.16 19.83 18.87 17.84 18.43 20.84 23.02 23.02 24.28 25.5 26.94 28.45 29.95 31.51 31.65 31.79 33.2 34.99 36.17 36.4 36.41 36.41 34.63 31.32 25.91 23.67 21.25 19.38 18.53 17.67 17.71 18.42 19.13 19.76 22.07 22.07 24.17 23.71 21.26 18.81 16.36 17.01 18.29 19.58 20.86 23.72 27.82 31.56 32.32 32.32 32.56 32.42 32.58 31.66 29.79 29.9 30.79 31.67 31.86 31.25 30.64 30.1 30.39 31.32 31.61 31.82 32.03 32.24 31.59 30.49 30.73 31.39 32.07 33.72 35.34 36.96 36.96 38.58 39.87 40.9 41.92 42.95 43.82
28.23 27.53 27.53 27.29 26.95 25.13 22.88 21.19 19.58 18.23 17.27 16.31 17.6 20.61 23.22 23.77 23.77 24.94 26.38 28.39 32.02 32.94 33.08 33.56 34.84 36.39 37.21 37.84 37.37 35.59 35.59 33.98 32.19 30.4 28.09 28.22 28.96 23.33 19.51 19.66 19.98 18.19 20.36 20.36 21.01 21.45 19.54 17.09 15.53 15.15 16.43 17.71 18.94 21.59 25.04 28.49 29.86 29.86 29.71 29.57 29.56 28.58 29.47 30.35 31.24 32.12 31.76 31.15 30.54 29.93 29.46 29.46 29.73 29.94 30.15 30.37 31.21 30.14 30.81 31.51 32.31 33.46 35.98 37.96 39.58 39.58 40.8 41.83 42.86 43.89 44.72
26.76 24.57 24.16 24.16 25.27 23.03 22.07 21.76 19.28 17.03 17.49 18.07 18.93 21.08 23.51 24.06 24.06 24.67 28.01 31.63 34.47 34.4 34.51 35.44 36.72 36.77 37.99 39.06 38.38 36.88 36.88 35.53 34.53 33.53 31.89 32.63 32.53 31.94 29.22 24.68 22.26 22.4 22.24 17.85 17.85 18.29 17.82 16.07 14.7 13.32 14.57 15.79 17.01 19.62 23.8 28.42 28.75 28.25 28.25 27.75 28.15 29.03 29.92 30.8 31.68 32.28 31.67 31.06 30.45 29.84 29.23 29.23 29.15 29.4 29.64 29.89 30.14 30.39 31.19 31.98 32.77 33.33 35.58 38.09 40.58 40.58 41.72 42.69 43.66 44.63 45.6
27.52 25.14 22.76 22.76 22.39 23.05 23.71 24.26 24.54 24.81 20.55 20.42 21.31 22.32 23.81 26.09 28.81 28.81 31.71 34.87 35.93 35.86 36.05 37.14 36.84 36.55 37.74 38.69 38.83 38.32 36.98 36.98 35.98 34.78 32.88 31.18 30.54 30.31 30.32 26.14 25.22 26.12 26.2 25.12 25.12 20.82 16.44 13.6 13.65 12.31 14.34 15.94 17.55 20.23 24.4 28.52 28.02 28.11 28.11 28.41 28.92 29.48 30.36 31.25 32.13 32.18 31.57 30.96 30.35 29.74 29.11 29.88 29.88 30.75 31 31.24 31.49 31.65 31.78 32.21 33 33.8 34.77 37.29 39.51 41.22 41.22 43.43 44.4 45.37 46.34
27.62 25.18 23.01 23.01 22.82 23.45 24.07 24.5 26.05 27.61 27.74 26.35 25.62 26.71 27.96 30.23 32.94 32.94 35.84 36.29 36.65 37.26 37.32 37.03 36.74 36.44 37.35 37.49 37.63 38.28 38.14 38.14 36.89 35.63 33.55 30.01 28.67 28.68 28.7 27.52 27.57 28.6 29.47 25.07 20.35 20.35 16.16 12.22 11.1 14.66 18.22 21.59 24.24 23.62 26.46 28.19 28.49 28.78 29.18 29.18 29.69 30.2 30.81 31.7 32.58 32.08 31.47 30.86 30.24 29.62 29.03 30.35 30.35 31.66 32.35 32.59 32.84 32.98 33.11 33.24 33.37 34.03 34.82 36.89 38.87 40.58 40.58 42.29 44 45.71 47.42
27.39 24.95 24.03 23.7 23.7 23.81 24.33 24.72 25.79 27.24 27.48 27.73 27.75 28.96 30.21 33.45 35.78 35.95 35.95 35.54 36.11 36.68 37.17 36.89 36.61 36.32 37.32 38.15 38.98 39.82 39.09 39.09 37.76 36.49 34.22 30.74 27.93 27.87 27.81 27.54 29.12 29.89 30.66 25.03 19.89 19.89 15.88 11.94 11.9 14.71 17.52 21.77 26.74 31.21 34.14 32.83 31.11 29.81 30.35 29.95 30.46 30.97 31.48 32.14 32.6 31.99 31.37 30.75 30.12 29.5 29.5 30.82 32.13 32.13 33.44 33.95 34.17 34.31 34.44 34.57 34.7 34.83 35.05 36.48 38.22 39.93 39.93 41.64 43.35 45.06 46.77
26.85 25.37 25.04 24.71 24.71 24.33 24.58 24.97 25.53 26.47 26.72 26.94 27.56 29.83 32.46 34.6 34.87 35.15 35.15 35.19 35.41 35.71 36.02 36.53 36.34 36.29 37.16 39.03 40.52 41.35 40.03 38.7 38.7 37.38 35.02 31.75 28.48 27.65 27.37 26.75 29.09 31.08 31.85 26.22 19.61 15.15 15.15 11.01 11.23 12.64 16 21.5 26.45 31.38 34.49 32.18 29.87 29.7 29.74 29.74 30.18 30.75 31.32 31.88 32.49 31.87 31.25 30.63 30.01 29.39 29.97 31.28 32.6 32.6 33.91 35.23 35.5 35.63 35.76 35.89 35.94 35.71 35.48 36.23 38.07 39.79 41.52 41.52 43.25 44.98 46.71
26.61 26.06 25.65 25.23 24.52 24.52 24.23 24.84 25.43 25.69 25.91 26.25 27.2 29.05 31.78 34.66 35.03 35.29 35.04 35.04 35.32 35.63 35.92 36.24 36.43 36.41 36.53 37.78 39.59 40.22 40.78 40.58 40.58 39.39 37.54 33.71 29.88 27.2 26.58 25.97 28.1 31.06 33.04 27.23 20.31 14.18 14.18 10.03 11.26 12.5 15.81 21.22 26.17 29.25 31.99 30.94 29.55 29.59 29.63 29.66 29.66 30.01 30.58 31.15 31.5 31.01 30.52 30.03 29.54 29.27 30.44 31.75 33.07 34.16 34.16 35.16 35.4 35.17 34.94 34.71 34.48 34.25 34.03 36.31 38.37 40.32 42.06 42.06 43.78 45.51 47.24
28.38 27.16 26.13 25.61 24.68 24.68 23.79 24.24 24.55 24.86 25.11 25.89 26.84 28.26 31.06 34 35.85 35.92 35.43 35.43 35.24 35.54 35.9 36.37 36.58 36.59 36.79 37.22 37.9 37.73 37.56 41.7 41.39 41.39 40.25 39.54 33.63 30.71 28.26 25.82 26.66 29.09 30.98 26.92 21.01 14.1 14.1 9.873 11.07 12.07 15.87 20.95 23.84 26.58 29.32 29.7 29.44 29.48 29.51 29.55 29.55 29.59 29.84 30.41 30.97 30.48 29.99 29.5 29.24 29.1 28.97 29.97 30.97 31.96 31.96 34.06 33.92 33.71 33.48 33.25 33.02 32.79 34.1 36.38 38.55 40.5 42.45 44.32 44.32 46.04 47.77
31.93 30 27.82 25.77 24.83 23.93 23.93 23.76 24.01 24.26 25.18 25.95 26.64 27.47 30.4 33.34 36.29 36.31 35.82 35.82 35.32 35.57 36.04 36.51 36.67 36.77 37.06 36.07 34.87 34.51 36.8 40.61 40.39 40.39 39.02 37.92 37.66 37.56 34.26 29.94 25.61 24.62 24.4 21.77 16.67 11.57 9.938 9.938 10.65 11.65 15.93 20.23 23.8 25.87 27.94 29.43 29.33 29.37 29.4 29.44 29.47 29.47 29.51 29.67 30.24 29.96 29.47 29.26 29.12 28.98 28.84 28.87 29.87 30.86 30.86 31.14 30.94 30.74 30.53 30.32 31.55 31.89 34.17 36.46 38.74 40.69 42.64 44.59 44.59 46.53 48.31
32.19 31.03 28.85 27.26 25.67 24.95 24.95 24.73 23.76 24.31 26.1 27.5 28.19 29.55 30.14 33.08 36.03 36.07 35.57 35.39 35.39 35.72 36.18 36.63 36.76 36.89 36.03 34.79 33.54 32.57 34.18 37.2 38.38 37.79 37.79 36.42 36.04 36.93 36.86 32.54 27.94 23.35 19.54 15.58 14.08 13.44 12.82 11.32 11.28 11.49 15.28 19.47 23.76 26.7 28.96 29.63 29.95 29.84 29.73 29.63 29.52 29.52 29.41 29.43 29.5 29.44 29.28 29.14 29 28.86 28.72 28.58 28.77 29.76 29.65 29.65 29.45 29.25 29.05 28.84 29.76 32.04 34.32 36.61 38.89 40.87 42.82 44.77 46.72 46.72 48.67
31.95 30.9 30.05 29.01 27.97 27.77 27.69 27.69 27.17 26.23 27.37 29.47 32.29 34.03 32.41 32.93 35.78 35.8 35.63 35.56 35.56 35.89 36.34 36.68 36.83 36.95 36.37 35.13 34.47 33.98 32.87 33.79 35.61 35.55 35.55 35.18 34.41 36.3 38.45 34.77 29.99 25.45 21.41 17.37 15.64 14.98 14.32 13.68 13.68 15.78 19.2 22.54 24.88 27.8 29.46 29.81 30.17 30.48 30.37 30.26 30.15 30.04 30.04 29.93 29.82 29.48 29.31 29.14 28.97 28.8 28.63 28.46 28.32 28.37 28.54 28.54 29.03 29.52 30 30.49 31.14 32.94 34.74 36.68 38.96 41.24 43.19 44.67 45.82 45.82 46.98
30.29 28.94 29.68 31.4 30.36 30.48 30.65 30.65 29.76 28.82 27.87 30.29 33.11 35.93 36.43 36.06 35.7 35.78 35.71 35.72 35.99 35.99 36.34 36.67 36.83 36.99 36.83 36.36 35.9 35.39 34.28 33.16 32.84 32.78 32.78 32.89 33.56 35.77 37.97 38.34 34.53 29.56 24.14 19.17 17.2 16.57 16.06 15.73 15.73 18.38 21.42 24.47 27.53 29.44 29.83 30.18 30.54 30.71 31.01 30.9 30.79 30.68 30.68 30.57 30.28 29.88 29.57 29.4 29.23 29.06 28.89 28.72 28.74 29.43 30.35 30.98 30.98 31.47 31.95 32.44 32.93 34.49 36.29 38.1 39.9 41.7 42.6 43.76 44.92 46.07 46.07
28.75 26.84 29.24 32.45 32.98 32.59 31.4 31.4 30.54 29.69 27.51 30.42 33.17 35.91 35.98 35.73 35.46 35.55 35.61 35.54 35.87 35.87 36.25 36.66 36.81 37.05 37.74 37.68 37.21 36.86 36.18 35.05 33.46 32.28 32.46 32.46 33.79 35.3 37.51 38.41 37.78 34.44 29.04 23.83 19.26 18.75 18.24 20.03 22.67 22.67 25.32 28.21 30.89 30.5 29.8 30.21 30.63 31.05 31.44 31.8 32.06 31.95 31.95 31.12 30.71 30.31 29.9 29.66 29.49 29.32 29.15 29.26 29.91 30.57 31.47 32.38 32.38 33.3 33.9 34.39 34.88 36.04 37.85 39.65 41.35 42.8 43.71 44.13 44.54 45.16 45.16
27.92 25.79 27.67 30.77 33.15 33.01 31.81 30.93 30.93 28.28 27.07 30.16 33.11 35.33 35.28 35.24 35.22 35.32 35.41 35.43 35.81 36.25 36.25 36.69 37.08 37.39 38.49 39.59 39.78 39.48 38 36.99 35.04 33.06 32.67 32.67 34.08 35.5 37.04 38.48 37.85 37.13 34 29.22 24.11 20.94 21.67 24.32 26.26 26.26 28.21 31.37 33.07 31.74 30.4 30.15 30.57 30.99 31.41 31.82 32.23 32.28 31.92 31.92 31.56 31.16 30.75 30.35 29.75 29.58 29.78 30.43 31.09 31.74 32.59 33.5 34.42 34.42 35.34 36.26 36.83 37.59 39.4 40.98 42.43 43.88 44.99 45.41 45.82 46.24 46.24
28.4 26.58 25.75 27.42 29.89 30.58 31.5 29.04 29.04 26.18 26.74 29.83 32.91 34.63 35.09 35.56 35.24 35.29 35.35 35.39 35.84 36.29 36.29 36.73 37.17 37.77 38.34 38.67 39.62 39.56 39.31 39.36 39.41 39.16 38.66 36.23 36.23 36.9 37.57 38.55 37.6 36.61 33.73 30.1 26.46 23.14 24.6 26.38 28.16 31.23 31.23 34.54 34.3 32.97 31.64 30.3 30.5 30.92 31.28 31.6 31.92 32.24 31.9 31.9 31.55 31.19 30.83 30.47 29.81 30.81 31.96 32.78 33.44 32.92 33.71 34.63 35.54 35.54 36.46 37.38 38.29 39.21 40.61 42.06 43.51 44.96 46.27 46.69 47.1 47.52 47.58
27.67 27.82 26.54 25.71 26.63 28.19 30.15 28.01 26.06 26.06 28.03 31.24 34.45 35.35 35.82 35.95 35.44 35.36 35.39 35.41 35.85 36.3 36.3 36.82 37.52 36.98 37.31 37.84 38.79 39.63 39.62 39.22 38.79 38.36 39.29 35.76 35.76 34.46 33.21 32.95 36.47 36.1 33.47 30.13 27.28 25.67 26.67 28.27 30.67 34.26 34.26 36.62 35.17 33.73 32.28 30.83 30.36 30.66 30.98 31.3 31.61 31.93 31.89 31.53 31.53 31.17 30.81 30.12 29.3 30.08 31.22 32.36 33.51 34.65 35.73 36.15 36.58 37 37 37.89 38.32 38.74 40.82 43.04 44.6 46.05 47.5 47.97 48.38 48.32 48.08
25.88 26.64 27.47 26.72 27.39 28.05 28.53 27.59 29.2 29.2 30.8 33.25 35.33 35.98 36.55 36.2 35.69 35.39 35.38 35.52 36.24 36.94 37.64 37.64 37.15 36.62 36.27 37.02 37.18 37.14 37.16 36.76 36.33 37.37 40.18 37.93 34.41 34.41 30.81 29.33 29.28 29.13 28.21 27.29 28.35 29.26 29.27 30.17 32.39 34.76 34.76 34.67 33.29 31.84 30.4 29.99 30.15 30.43 30.7 30.99 31.31 31.63 31.88 31.52 31.52 31.16 30.43 29.61 28.79 29.34 30.48 31.63 32.77 33.95 35.22 35.81 36.11 36.53 36.53 36.96 37.38 37.81 39.9 42.12 44.8 47.02 48.58 49.25 49.06 48.82 48.58
24.35 25.46 26.75 27.63 28.07 28.5 29.41 31.32 33.07 34.64 34.64 34.39 35.62 36.13 36.75 36.43 35.91 35.4 35.25 35.77 37.03 37.77 37.32 37.32 36.73 35.84 34.95 34.19 34.14 34.12 34.14 34.16 34.12 36.93 39.74 40 35.15 35.15 30.3 27.26 24.9 24.43 25.66 26.89 28.11 29.03 29.9 30.58 31.85 31.9 30.7 32.68 31.41 29.96 29.68 29.8 29.94 30.22 30.5 30.77 31.05 31.33 31.64 31.51 30.73 30.73 29.92 29.1 28.28 28.6 29.75 30.89 32.06 33.34 34.62 35.61 35.89 36.18 36.18 36.49 36.92 37.34 39.44 41.66 43.99 46.45 48.91 49.91 49.85 49.32 49.08
-9999 -9999 -9999 -9999 -9999 -9999 -9999 -9999 -9999 -9999 -9999 -9999 -9999 -9999 -9999 -9999 -9999 -9999 35.13 36.02 37.13 37.45 35.66 34.77 34.77 33.88 33.01 32.22 31.43 31.37 31.64 31.92 32.49 35.18 37.41 36.74 34.49 29.78 29.78 26.77 24.61 24.36 25.5 26.65 27.88 28.77 29.65 30.52 31.29 31.43 31.56 31.56 31.19 29.64 29.29 29.41 29.73 30.01 30.29 30.57 30.85 31.12 31.65 31.31 30.22 30.22 29.41 28.59 27.77 27.87 29.01 30.18 31.46 32.73 34.01 35.29 35.69 35.97 36.26 36.26 36.55 36.87 39.1 41.56 44.02 46.47 48.93 50.06 50 49.94 49.88
