scipy2012/geoprocessing_tutorial/spatial_test_data/tsunami_max_inundation_depth_BB_geographic.asc
ncols         858
nrows         644
xllcorner     150.12002735076
yllcorner     -35.786844973071
cellsize      0.00020515174505097
NODATA_value  -9999
[rows 280 to 319 of 644, columns 273 to 363 of 858]
0 0 0 0 0 0 0 0 0.1136 0.6106 2.104 2.571 2.547 2.525 2.445 2.406 2.423 2.763 2.13 0.7428 0.7428 0 0 0 0 0 0 0 0 0.005842 0.684 1.88 2.135 2.135 2.501 2.63 2.868 2.868 2.765 2.583 2.019 2.027 2.168 2.144 2.156 2.157 2.234 2.234 2.169 2.197 2.274 2.966 3.369 4.499 4.998 5.22 7.556 5.605 4.614 5.609 6.766 6.766 8.118 4.923 4.586 5.163 4.534 4.065 3.583 3.912 4.064 4.34 4.297 4.209 4.401 4.401 4.534 4.333 4.378 4.795 4.957 4.227 4.547 4.424 4.504 4.389 4.376 4.748 4.787 4.787 5.458
0 0 0 0 0 0 0 0 0.00439 0.08936 1.593 2.534 2.487 2.631 2.675 2.605 2.67 2.803 2.409 0.793 0.793 0.0102 0 0 0 0 0 0 0 0.00586 0.3437 2.035 2.233 2.314 2.314 2.606 2.88 2.943 2.93 2.736 2.343 1.883 1.88 1.881 2.084 2.024 1.95 1.959 1.959 1.964 1.913 2.084 2.491 2.958 3.988 4.574 5.277 6.775 6.995 7.627 6.107 6.457 6.457 5.6 5.427 4.034 4.63 5.617 4.31 4.379 4.448 4.81 4.146 4.351 4.503 4.349 4.349 4.219 4.178 4.292 4.439 4.535 4.286 4.007 4.292 4.526 4.374 4.422 4.7 5.424 5.424
0 0 0 0 0 0 0 0 0.003928 0.4678 1.385 2.832 2.317 2.636 2.816 2.87 2.974 2.978 2.165 0.6739 0.6739 0.1119 0 0 0 0 0 0 0 0.06909 0.207 2.121 2.264 2.278 2.278 2.433 2.679 2.831 2.883 2.958 2.549 1.988 1.811 1.854 1.979 1.948 1.719 1.579 1.579 1.723 1.813 2.006 2.214 2.356 2.602 3.544 3.975 4.655 8.472 9.893 7.836 5.664 5.664 5.165 5.503 8.783 3.568 4.884 4.688 4.565 4.659 5.122 5.033 4.436 4.711 4.703 4.703 4.56 4.543 4.106 3.53 4.019 3.966 4.024 4.056 4.514 4.501 4.491 5.268 5.379 5.379
0 0 0 0 0 0 0 0 0 0.09965 0.9168 2.601 1.773 2.567 2.46 2.358 2.741 2.678 2.238 1.1 0.03891 0.03891 0 0 0 0 0 0 0 0 0 0.6793 1.55 2.104 2.205 2.205 2.536 2.789 2.81 2.857 2.611 2.087 1.898 1.834 1.867 1.874 1.816 1.497 1.445 1.445 1.673 1.899 2.13 2.306 2.352 2.666 3.351 4.958 13.1 12.25 9.841 7.239 7.021 7.021 6.211 4.237 6.563 5.828 6.063 5.794 5.15 5.088 4.508 3.91 4.392 4.725 4.783 4.783 4.649 4.271 4.061 4.986 4.674 4.462 4.215 3.706 3.67 4.217 4.898 5.227 5.933
0 0 0 0 0 0 0 0 0 0.009075 0.448 2.213 2.846 2.769 2.11 1.966 2.158 2.207 2.452 1.126 0.01971 0.01971 0 0 0 0 0 0 0 0 0 0 0.4439 1.385 1.891 1.891 2.304 2.528 2.506 2.736 2.547 2.248 1.968 1.685 2.141 1.986 1.854 1.511 1.453 1.453 1.581 1.838 2.078 2.312 2.279 2.03 2.804 3.605 7.625 10.97 13.52 9.434 7.742 7.742 8.396 5.842 4.128 5.502 6.549 5.372 4.528 4.842 4.524 4.856 6.046 5.34 4.635 4.635 4.518 4.598 4.65 4.614 4.301 4.374 4.263 4.27 4.388 4.372 4.805 5.302 5.213
0 0 0 0 0 0 0 0 0 0 0.0007492 1.107 2.741 2.542 1.99 1.817 1.765 2.221 2.382 0.8844 0.07241 0 0 0 0 0 0 0 0 0 0 0 0.06073 0.9106 1.918 2.256 2.256 2.381 2.349 2.415 2.474 2.294 1.798 2.177 2.23 2.138 1.825 1.606 1.476 1.619 1.619 1.791 1.973 2.168 2.204 2.192 2.121 3.007 2.996 6.57 10.32 11.24 9.809 10.71 10.71 9.019 5.081 2.873 5.42 7.852 7.174 6.82 5.312 4.994 5.674 5.008 4.567 4.454 4.454 4.451 3.889 4.024 4.375 4.391 4.113 3.643 4.308 4.618 5.063 5.55 5.212
0 0 0 0 0 0 0 0 0 0 0 0.01259 1.744 2.859 2.029 1.799 1.833 2.397 2.369 0.8585 0 0 0 0 0 0 0 0 0 0 0 0 0.01114 0.8415 2.017 2.32 2.32 2.354 2.461 2.547 2.521 2.259 2.155 2.425 2.459 1.948 1.704 1.491 1.341 1.448 1.448 1.68 1.935 1.967 2.091 2.077 2.565 4 4.305 3.06 4.847 8.559 13.05 12.78 12.78 11.13 10.28 8.396 5.785 6.263 8.52 7.876 7.723 5.978 5.316 4.689 4.6 4.634 4.634 4.445 4.195 4.388 3.925 3.98 4.195 4.094 4.711 4.84 5.119 5.464 5.478
0 0 0 0 0 0 0 0 0 0 0 0 0.7044 2.237 2.711 2.551 2.651 2.581 1.386 0.2749 0 0 0 0 0 0 0 0 0 0 0 0 0.4686 1.013 1.726 2.331 2.465 2.465 2.453 2.52 2.471 2.298 1.992 2.623 2.311 1.941 1.763 1.472 1.453 1.381 1.655 1.655 1.904 2.002 2.05 2.105 2.31 3.816 5.59 5.482 2.724 4.905 7.989 11.85 12.95 12.95 13.78 13.43 9.625 10.27 8.639 5.625 6.695 6.892 6.256 5.338 5.086 5.055 5.055 4.628 4.25 4.244 3.975 3.966 4.162 4.306 4.945 5.034 4.969 4.94 5.01
0 0 0 0 0 0 0 0 0 0 0 0 0.1073 1.498 2.717 2.735 2.542 1.786 0.3716 0.00811 0 0 0 0 0 0 0 0 0 0 0 0 0.2324 1.28 1.74 2.253 2.654 2.654 2.557 2.531 2.523 2.535 2.447 2.582 2.613 2.285 1.932 1.75 1.587 1.468 1.716 1.716 2.02 2.062 2.041 2.041 2.342 3.597 3.832 3.642 2.942 2.613 2.449 6.816 11.23 11.23 15.98 15.26 13.04 11.95 11.13 7.879 7.53 8.384 7.573 5.885 5.457 5.284 5.032 5.032 4.474 4.168 3.91 3.798 4.118 4.286 4.78 5.054 5.184 5.174 5.342
0 0 0 0 0 0 0 0 0 0 0 0 0.1602 0.8719 2.354 2.69 1.856 0.9571 0.2855 0.004384 0 0 0 0 0 0 0 0 0 0 0 0 0 1.292 2.512 2.221 2.475 2.612 2.612 2.591 2.527 2.571 2.516 2.498 2.537 2.155 1.907 1.796 1.613 1.492 1.79 2.116 2.116 1.889 1.732 1.837 2.224 2.973 3.272 3.25 3.189 3.121 2.896 2.54 1.961 4.372 9.035 13.03 12.47 11.83 11.38 10.7 10.27 10 8.996 7.463 6.507 5.108 4.787 4.787 4.829 4.721 4.334 3.687 4.098 4.344 4.673 4.923 5.118 5.227 5.499
0 0 0 0 0 0 0 0 0 0 0 0 0.07841 0.5615 2.173 2.526 1.666 0.3673 0.0113 0 0 0 0 0 0 0 0 0 0 0 0 0 0 1.071 2.717 2.285 2.25 2.543 2.543 2.698 2.625 2.643 2.61 2.61 2.558 2.104 1.709 1.753 1.698 1.543 1.565 1.837 1.837 1.8 1.566 1.493 1.837 2.553 2.92 2.864 2.706 3.122 3.211 2.943 2.138 2.61 2.61 6.393 7.246 10.5 12.2 12.19 11.17 10.64 9.87 9.155 8.168 5.521 3.924 3.391 3.391 4.1 4.574 4.028 3.737 4.117 4.641 4.944 4.918 5.148 5.271
0 0 0 0 0 0 0 0 0 0 0 0 0.02935 0.7321 2.194 2.174 0.8627 0.1569 0 0 0 0 0 0 0 0 0 0 0 0 0 0 0 0.9682 2.028 2.423 2.451 2.367 2.639 2.684 2.651 2.669 2.526 2.135 2.345 1.97 1.616 1.63 1.619 1.555 1.62 1.747 1.747 1.693 1.661 1.573 1.809 1.757 2.302 2.282 1.79 2.578 3.26 3.431 3.713 4.812 4.812 5.892 6.102 7.14 8.581 10.94 12.57 11.82 11.66 10.35 8.809 6.145 5.928 5.709 5.709 4.295 3.936 4.446 4.321 4.16 4.192 4.87 4.977 4.939 4.977
0 0 0 0 0 0 0 0 0 0 0 0 0.007703 0.9175 2.012 2.112 0.6561 0 0 0 0 0 0 0 0 0 0 0 0 0 0 0 0.01142 0.03234 0.6375 1.626 1.711 2.214 2.379 2.379 2.067 2.078 2.185 2.022 1.487 1.897 1.668 1.557 1.584 1.557 1.461 1.639 1.611 1.611 1.622 1.751 1.945 1.654 1.613 1.81 2.206 2.601 3.071 3.422 3.723 4.216 4.594 4.594 4.696 3.483 3.281 6.13 9.913 11.72 11.5 12.27 10.48 4.847 4.751 5.332 4.862 4.862 4.309 4.176 5.344 5.212 4.754 4.507 4.687 4.716 4.853
0 0 0 0 0 0 0 0 0 0 0 0.006581 0.006581 0.6067 0.719 0.7489 0 0 0 0 0 0 0 0 0 0 0 0 0 0 0 0 0 0.008235 0.04398 0.3492 0.8669 1.407 1.328 1.328 1.096 1.231 0.994 1.319 1.142 0.8425 0.6685 0.9125 1.684 1.367 1.45 1.513 1.625 1.625 1.726 1.801 1.856 1.595 1.344 1.554 1.724 1.966 2.524 3.377 3.809 3.831 3.97 3.97 3.923 3.309 1.601 2.87 4.253 8.605 10.35 12.93 11.79 6.824 5.446 5.67 4.616 4.616 4.958 5.222 4.347 3.686 4.919 5.67 4.991 4.279 4.817
0 0 0 0 0 0 0 0 0 0 0 0.01166 0.01166 0.04969 0.01684 0 0 0 0 0 0 0 0 0 0 0 0 0 0 0 0 0 0 0 0 0 0 0 0.4732 0.3689 0.3689 0.4679 0.371 0.2548 0.2367 0.2084 0.1457 0.2293 0.1564 0.1846 0.1497 0.2097 0.8655 1.296 1.296 1.592 1.703 1.889 1.809 2.085 1.781 1.968 2.576 3.312 4.038 3.804 3.61 3.619 3.619 2.82 2.12 1.482 1.109 2.028 6.228 9.567 9.648 6.518 4.574 6.288 5.772 4.978 4.978 5.33 6.267 4.674 3.776 3.649 4.995 5.122 4.285
0 0 0 0 0 0 0 0 0 0 0 0.004214 0.004214 0.01518 0.006419 0 0 0 0 0 0 0 0 0 0 0 0 0 0 0 0 0 0 0 0 0 0 0.01331 0.6153 0.7253 0.7253 0.9176 1.341 1.228 1.064 1.202 0.9768 0.9802 0.7782 1.287 1.17 1.115 0.9931 1.044 1.044 1.286 1.529 1.515 1.782 1.623 2.139 2.191 2.417 2.803 3.118 3.443 3.438 3.456 3.456 3.507 3.058 2.555 2.105 1.436 1.335 3.563 5.585 6.53 5.392 5.61 6.879 6.946 6.946 4.86 5.799 5.84 5.227 4.506 3.709 4.395 4.536
0 0 0 0 0 0 0 0 0 0 0 0 0.002449 0.002449 0.00407 0 0 0 0 0 0 0 0 0 0 0 0 0 0 0 0 0 0 0 0 0 0 0.1693 0.92 1.16 1.359 1.359 1.577 1.37 1.271 0.6685 0.684 0.9761 1.361 1.267 1.127 1.219 1.204 1.101 1.207 1.207 1.402 1.44 1.335 1.385 1.395 1.218 1.413 1.634 1.551 2.504 3.154 3.648 3.857 3.857 3.461 3.265 2.834 2.873 2.251 2.661 3.697 5.72 7.093 7.992 8.655 8.584 6.433 6.433 8.112 6.338 4.845 4.789 5.331 3.886 4.067
0 0 0 0 0 0 0 0 0 0 0 0 0 0 0 0 0 0 0 0 0 0 0 0 0 0 0 0 0 0 0 0 0 0 0 0 0 0.2537 0.7147 1.225 1.48 1.48 1.41 1.239 1.349 1.077 0.9965 1.104 1.285 0.9024 0.9024 1.118 1.214 1.101 1.043 1.043 1.141 1.432 1.415 1.339 1.275 1.269 1.386 1.597 1.762 1.425 2.122 2.672 3.162 3.568 3.607 3.43 3.368 3.539 3.631 3.384 3.37 3.232 3.507 6.595 7.433 9.739 8.126 8.126 6.61 6.269 3.297 3.779 5.545 4.324 3.733
0 0 0 0 0 0 0 0 0 0 0 0 0 0 0 0 0 0 0 0 0 0 0 0 0 0 0 0 0 0 0 0 0 0 0 0 0 0.1709 0.8978 1.515 1.743 1.463 1.463 1.319 1.349 1.021 0.9831 1.079 1.163 1.2 1.036 1.122 1.266 1.157 1.04 0.8231 0.8231 0.9748 1.501 1.35 1.132 1.217 1.312 1.312 1.282 1.455 1.603 1.739 2.581 2.766 2.766 2.953 3.186 3.076 2.901 3.366 3.449 3.256 2.007 4.302 5.991 10.88 8.61 8.61 6.184 7.701 6.739 4.734 4.708 5.29 6.274
0 0 0 0 0 0 0 0 0 0 0 0 0 0 0 0 0 0 0 0 0 0 0 0 0 0 0 0 0 0 0 0 0 0 0 0 0.01531 0.5639 1.632 1.473 1.746 1.466 1.578 1.364 1.34 1.075 0.9878 1.165 1.067 1.006 0.9858 1.179 1.296 1.213 1.064 0.8231 0.8231 0.585 1.217 1.39 1.065 1.149 1.216 1.189 1.138 1.54 1.596 1.511 1.814 2.158 2.158 2.842 3.168 3.179 3.157 3.42 3.418 3.268 3.077 2.777 2.169 5.75 7.587 8.722 8.722 8.937 6.889 6.329 5.813 4.656 6.906
0 0 0 0 0 0 0 0 0 0 0 0 0 0 0 0 0 0 0 0 0 0 0 0 0 0 0 0 0 0 0 0 0 0 0 0 0 0.7536 1.689 1.604 1.536 1.432 1.398 1.398 1.396 1.227 1.123 0.9952 1.149 1.364 1.036 1.114 1.337 1.389 1.079 0.769 0.5551 0.5551 1.195 1.26 1.196 1.084 1.14 1.127 0.8649 1.292 1.477 1.487 1.334 1.753 1.753 2.442 3.245 3.507 3.617 3.583 3.463 3.379 3.272 3.188 2.929 2.176 2.21 5.721 7.496 7.019 6.787 5.932 8.701 9.272 8.185
0 0 0 0 0 0 0 0 0 0 0 0 0 0 0 0 0 0 0 0 0 0 0 0 0 0 0 0 0 0 0 0 0 0 0 0 0.776 1.639 1.696 1.58 1.567 1.577 1.381 1.381 1.416 1.377 1.24 0.866 0.963 1.242 1.107 0.5269 1.187 1.309 1.227 0.9999 0.8928 0.8928 1.131 1.216 1.043 0.9905 1.098 1.104 0.9325 1.203 1.441 1.488 1.348 1.275 1.968 1.968 2.812 3.501 3.945 3.735 3.51 3.392 3.361 3.331 3.185 3.117 3.574 4.536 5.734 5.734 6.585 8.828 10.72 10.23 9.848
0 0 0 0 0 0 0 0 0 0 0 0 0 0 0 0 0 0 0 0 0 0 0 0 0 0 0 0 0 0 0 0 0 0 0 0.02809 0.2482 1.435 1.533 1.673 1.184 1.204 1.389 1.425 1.425 1.413 1.22 0.7663 0.9442 1.279 1.355 0.81 0.743 0.8842 0.8992 0.9345 1.134 0.9723 1.088 1.15 1.197 1.113 1.066 1.023 0.8014 0.9968 1.362 1.691 1.343 1.181 1.526 1.526 2.402 3.388 4.407 3.875 3.528 3.415 3.365 3.372 3.363 3.363 3.533 3.772 4.315 4.315 4.679 5.073 7.653 9.368 12.03
0 0 0 0 0 0 0 0 0 0 0 0 0 0 0 0 0 0 0 0 0 0 0 0 0 0 0 0 0 0 0 0 0 0 0.01171 0.03583 0.09021 0.9518 1.515 1.848 1.011 1.156 1.354 1.416 1.416 1.376 1.262 1.003 1.049 1.228 1.306 1.076 1.041 0.9946 0.9893 0.9079 1.228 1.167 1.167 1.072 1.012 1.096 1.048 1.047 0.9006 0.8962 1.133 1.518 1.635 1.727 1.476 1.992 1.992 2.975 4.123 3.973 3.718 3.469 3.346 3.367 3.367 3.334 3.362 3.471 3.781 4.195 4.195 4.444 6.026 6.839 8.887
0 0 0 0 0 0 0 0 0 0 0 0 0 0 0 0 0 0 0 0 0 0 0 0 0 0 0 0 0 0 0 0 0 0 0 0.02527 0.006082 0.4863 1.293 1.382 1.363 1.435 1.374 1.276 1.276 1.157 1.199 1.061 1.095 1.236 1.279 1.245 1.23 1.248 1.107 0.7602 1.081 0.9532 0.9532 1.124 1.135 1.015 1.088 1.177 1.061 0.9038 0.6946 1.362 1.706 2.517 2.302 2.194 2.194 3.083 3.814 4.116 3.767 3.257 3.272 3.357 3.263 3.023 2.915 3.176 3.383 3.593 3.593 3.935 4.758 5.532 6.378
0 0 0 0 0 0 0 0 0 0 0 0 0 0 0 0 0 0 0 0 0 0 0 0 0 0 0 0 0 0 0 0 0 0 0.01793 0.03849 0.04168 0.4218 1.081 1.407 1.573 1.564 1.506 1.434 1.296 1.296 1.159 1.08 1.062 1.237 1.301 1.131 1.328 1.428 1.235 0.9666 1.138 1.09 1.106 1.106 1.228 0.9681 1.238 1.356 1.212 0.9674 0.6789 1.016 1.451 1.922 1.929 1.364 1.304 2.358 3.12 2.689 2.797 3.047 3.34 2.949 3.059 2.401 2.376 2.718 3.091 3.056 3.278 3.278 3.854 4.601 5.353
0 0 0 0 0 0 0 0 0 0 0 0 0 0 0 0 0 0 0 0 0 0 0 0 0 0 0 0 0 0 0 0 0 0 0 0.0001177 0.05586 0.7484 1.519 1.339 1.503 1.688 1.647 1.635 1.423 1.423 1.314 1.288 1.275 1.302 1.344 1.161 1.298 1.536 1.364 1.193 1.245 1.377 1.257 1.257 1.243 0.9623 1.223 1.399 1.181 0.9478 0.6862 1.099 1.359 2.12 2.006 1.353 1.422 1.422 1.601 1.436 2.117 2.55 2.825 1.844 2.155 2.073 1.843 1.552 1.958 2.46 2.585 2.585 3.019 3.149 3.758
0 0 0 0 0 0 0 0 0 0 0 0 0 0 0 0 0 0 0 0 0 0 0 0 0 0 0 0 0 0 0 0 0 0 0 0.01493 0.1626 0.6857 1.698 1.494 1.55 1.652 1.71 1.737 1.645 1.368 1.368 1.371 1.162 1.516 1.446 1.239 1.284 1.592 1.547 1.288 1.391 1.471 1.391 1.243 1.243 0.958 1.32 1.409 1.241 1.136 0.9755 1.07 1.288 1.717 1.617 1.213 1.396 1.857 1.857 1.656 2.125 2.752 1.851 1.728 1.432 1.378 1.572 1.281 1.177 1.498 1.695 1.926 1.926 1.869 1.766
0 0 0 0 0 0 0 0 0 0 0 0 0 0 0 0 0 0 0 0 0 0 0 0 0 0 0 0 0 0 0 0 0 0 0.1319 0.2594 0.03265 0.4419 1.431 1.49 1.46 1.613 1.769 1.772 1.737 1.405 1.405 1.453 1.4 1.345 1.558 1.415 1.329 1.487 1.757 1.324 1.399 1.6 1.418 1.253 1.253 1.16 1.433 1.365 1.172 1.144 0.8753 1.127 1.276 1.438 1.635 1.392 1.269 1.425 1.425 1.597 1.788 3.052 1.938 1.864 1.52 1.584 1.824 1.977 1.831 1.765 1.774 1.618 1.467 1.253 1.013
0 0 0 0 0 0 0 0 0 0 0 0 0 0 0 0 0 0 0 0 0 0 0 0 0 0 0 0 0.02993 0.2612 0.5242 0.03418 0.06684 0.06684 0.4996 0.4615 0.01024 0.3256 1.032 1.434 1.367 1.584 1.742 1.756 1.686 1.459 1.375 1.375 1.318 1.326 1.553 1.451 1.245 1.293 1.739 1.736 1.39 1.417 1.421 1.338 1.274 1.274 1.288 1.277 1.141 0.9648 0.8231 1.016 1.417 1.737 1.852 1.562 1.021 1.043 1.552 1.552 1.449 2.99 1.997 1.875 1.875 1.714 1.889 1.933 1.775 1.8 1.939 1.955 1.955 1.82 1.839
0 0 0 0 0 0 0 0 0 0 0 0 0 0 0 0 0 0 0 0 0 0 0 0 0 0 0 0.0001003 0.05541 0.6905 1.042 0.6742 0.8874 0.8874 0.8942 0.41 0.03924 0.4244 0.8176 1.238 1.309 1.553 1.746 1.742 1.685 1.525 1.388 1.388 1.327 1.309 1.553 1.393 1.344 1.426 1.693 1.651 1.58 1.652 1.697 1.572 1.283 1.18 1.183 1.279 1.311 1.132 0.8516 0.9725 1.284 1.662 1.966 1.832 1.256 1.389 1.678 1.678 1.624 2.634 2.268 1.261 1.402 1.603 1.55 1.587 1.587 1.657 1.741 1.854 2.063 2.063 2.073
0 0 0 0 0 0 0 0 0 0 0 0 0 0 0 0 0 0 0 0 0 0 0 0 0 0 0 0 0.3411 1.342 1.645 1.562 1.353 0.9935 0.9935 0.5822 0.1322 0.1435 0.5647 1.294 1.398 1.492 1.83 1.934 1.736 1.584 1.389 1.451 1.451 1.485 1.542 1.403 1.406 1.396 1.644 1.785 1.656 1.76 1.704 1.629 1.431 1.441 1.441 1.462 1.272 1.041 0.8569 0.963 1.241 1.602 1.776 2.119 1.55 1.391 1.723 1.723 2.036 2.276 2.194 1.752 1.558 1.804 1.523 1.629 1.546 1.547 1.912 1.718 2.089 2.089 2.101
0 0 0 0 0 0 0 0 0 0 0 0 0 0 0 0 0 0 0 0 0 0 0 0 0 0 0 0 0.2218 1.481 0.8663 0.8809 0.7703 0.8342 1.043 0.7342 0.3608 0.1009 0.5949 1.131 1.347 1.468 1.987 2.088 1.739 1.632 1.375 1.467 1.467 1.579 1.506 1.495 1.538 1.478 1.59 1.861 1.763 1.705 1.655 1.642 1.541 1.472 1.472 1.586 1.168 0.9353 0.9143 0.9014 1.143 1.491 1.841 2.146 1.814 1.267 1.752 1.912 1.912 2.066 2.006 1.962 1.977 1.884 1.861 1.77 1.856 2.121 2.174 2.087 2.371 2.143 2.143
0 0 0 0 0 0 0 0 0 0 0 0 0 0 0 0 0 0 0 0 0 0 0 0 0 0 0 0 0.01216 0.889 1.187 0.9884 0.6768 0.7307 0.6459 0.6459 0.3515 0.1151 0.2567 0.878 1.293 1.489 1.993 2.239 1.743 1.748 1.419 1.412 1.533 1.533 1.401 1.417 1.31 1.604 1.724 1.769 2.012 1.637 1.727 1.718 1.478 1.434 1.434 1.648 1.392 1.004 0.8885 0.8812 1.045 1.379 1.577 2.076 2.15 1.23 1.772 1.276 1.276 1.809 2.054 1.912 2.028 1.884 1.745 1.677 1.818 2.092 2.136 2.16 2.223 2.186 2.186
0 0 0 0 0 0 0 0 0 0 0 0 0 0 0 0 0 0 0 0 0 0 0 0 0 0 0 0 0 0.2714 1.389 1.186 0.883 0.5994 0.8056 0.8056 0.8228 0.5269 0.695 1.163 1.314 1.354 1.622 1.775 1.664 1.694 1.639 1.203 1.453 1.453 1.743 0.7361 1.034 1.623 1.613 1.683 2.204 1.654 1.661 1.664 1.479 1.232 1.424 1.424 1.664 1.232 0.9529 0.9361 1.052 1.255 1.456 1.929 1.97 1.369 1.551 1.27 1.371 1.371 1.744 2.062 2.175 2.105 1.894 1.76 1.871 2.058 2.221 2.225 2.185 2.245 2.175
0 0 0 0 0 0 0 0 0 0 0 0 0 0 0 0 0 0 0 0 0.07665 0.2744 0.2744 0.03805 0.1179 0.06327 0 0 0.009651 0.1824 1.064 1.293 1.098 0.7009 0.7946 0.7946 0.8807 0.968 1.18 1.31 1.355 1.426 1.65 1.804 1.772 1.726 1.485 1.04 1.116 1.323 1.888 1.259 1.498 1.911 1.819 1.664 2.097 1.962 1.671 1.645 1.551 1.275 1.457 1.457 1.647 1.513 1.245 1.006 0.9167 1.095 1.409 1.911 1.692 1.345 1.436 1.268 0.9065 0.9065 1.717 2.196 2.162 1.96 1.885 1.528 1.485 1.697 2.072 2.038 2.175 2.175 2.092
0 0 0 0 0 0 0 0 0 0 0 0 0 0 0 0 0 0 0 0.06733 0.3847 0.6743 0.6743 0.5474 0.6189 0.2909 0.04231 0.005072 0 0 0.6607 1.28 1.201 0.7752 0.8035 0.8589 0.8589 0.8509 0.9081 1.349 1.585 1.538 1.692 1.658 1.624 1.863 1.611 1.334 1.384 1.912 1.912 2.111 1.724 1.595 1.089 1.319 2.204 1.974 1.678 1.804 1.669 1.221 1.373 1.522 1.522 1.284 1.006 0.778 0.8208 1.015 1.585 1.858 1.653 1.431 1.621 0.9774 0.8586 1.73 1.73 2.277 2.301 2.01 1.858 1.595 1.451 1.762 2.118 2.144 2.169 2.057 1.964
0 0 0 0 0 0 0 0 0 0 0 0 0 0 0 0 0 0 0.02782 0.2557 0.6045 0.7547 0.8217 0.8275 0.576 0.4932 0.614 0.5323 0 0 0.3057 0.9871 1.281 0.8484 0.6538 0.7267 0.7267 0.7285 0.8022 1.389 1.742 1.614 2.029 1.692 1.557 1.821 1.813 1.761 1.743 1.866 1.866 1.739 1.527 1.561 1.433 1.382 1.151 1.538 1.489 1.409 1.741 1.095 1.136 1.167 1.167 0.9551 0.7377 0.3328 0.6029 0.9015 0.9495 1.584 1.904 1.389 1.59 1.044 0.6578 2.117 2.117 2.132 2.322 2.066 1.829 1.605 1.733 2.012 2.135 2.216 2.208 2.255 2.085
0 0 0 0 0 0 0 0 0 0 0 0 0 0 0 0 0 0 0.01805 0.3114 0.7066 0.7156 0.1733 0.1733 0.04202 0.2781 0.7882 0.4707 0.02663 0.3143 0.5898 1.008 1.349 0.6819 0.4181 0.31 0.518 0.518 0.8945 1.427 1.683 1.528 1.697 1.862 1.764 1.831 1.952 1.935 1.865 1.707 1.546 1.546 1.326 1.261 1.268 1.25 1.064 1.401 1.757 1.609 1.517 1.618 1.465 1.359 0.9539 0.9087 0.4745 0.3512 0.7125 1.22 0.7833 1.553 1.606 1.21 1.692 0.9909 0.4424 1.908 2.114 2.114 2.235 1.804 1.858 1.889 2.181 2.185 2.189 2.129 2.167 1.968 1.773
0 0 0 0 0 0 0 0 0 0 0 0 0 0 0 0 0 0.001003 0.2427 0.7134 0.8122 0.4967 0.01631 0.01631 0.01339 0.06855 0.3251 0.4927 0.8948 1.012 0.9905 1.362 1.125 0.7832 0.5402 0.333 0.5004 0.5004 0.8758 1.207 1.17 1.174 1.226 1.501 1.527 1.502 1.615 1.649 1.641 1.513 1.599 1.599 1.439 1.239 1.157 1.117 1.042 1.363 1.811 1.836 1.522 1.683 1.15 0.895 1.128 1.128 1.06 0.9176 1.069 1.291 0.8901 1.495 1.197 1.398 1.898 0.8994 0.3239 1.173 2.023 2.023 2.233 2.191 2.158 2.112 1.95 1.898 1.982 2.01 1.98 1.909 1.892
